NumQuestions,count_nulls,count_not_nulls,CreationDateOnly
"6","6","0","2008-07-31 00:00:00"
"142","137","5","2008-08-01 00:00:00"
"98","96","2","2008-08-02 00:00:00"
"132","130","2","2008-08-03 00:00:00"
"342","331","11","2008-08-04 00:00:00"
"545","519","26","2008-08-05 00:00:00"
"515","499","16","2008-08-06 00:00:00"
"605","586","19","2008-08-07 00:00:00"
"461","447","14","2008-08-08 00:00:00"
"237","230","7","2008-08-09 00:00:00"
"196","188","8","2008-08-10 00:00:00"
"461","453","8","2008-08-11 00:00:00"
"559","551","8","2008-08-12 00:00:00"
"543","527","16","2008-08-13 00:00:00"
"664","652","12","2008-08-14 00:00:00"
"625","611","14","2008-08-15 00:00:00"
"271","267","4","2008-08-16 00:00:00"
"306","300","6","2008-08-17 00:00:00"
"779","756","23","2008-08-18 00:00:00"
"1031","998","33","2008-08-19 00:00:00"
"1001","967","34","2008-08-20 00:00:00"
"1200","1174","26","2008-08-21 00:00:00"
"1200","1169","31","2008-08-22 00:00:00"
"529","515","14","2008-08-23 00:00:00"
"448","434","14","2008-08-24 00:00:00"
"932","903","29","2008-08-25 00:00:00"
"1199","1170","29","2008-08-26 00:00:00"
"1319","1298","21","2008-08-27 00:00:00"
"1410","1380","30","2008-08-28 00:00:00"
"1206","1179","27","2008-08-29 00:00:00"
"613","595","18","2008-08-30 00:00:00"
"491","483","8","2008-08-31 00:00:00"
"920","899","21","2008-09-01 00:00:00"
"1483","1463","20","2008-09-02 00:00:00"
"1292","1260","32","2008-09-03 00:00:00"
"1323","1299","24","2008-09-04 00:00:00"
"1298","1270","28","2008-09-05 00:00:00"
"560","542","18","2008-09-06 00:00:00"
"584","570","14","2008-09-07 00:00:00"
"1380","1345","35","2008-09-08 00:00:00"
"1538","1505","33","2008-09-09 00:00:00"
"1431","1405","26","2008-09-10 00:00:00"
"1611","1588","23","2008-09-11 00:00:00"
"1448","1416","32","2008-09-12 00:00:00"
"581","565","16","2008-09-13 00:00:00"
"530","518","12","2008-09-14 00:00:00"
"4337","4261","76","2008-09-15 00:00:00"
"6997","6898","99","2008-09-16 00:00:00"
"6683","6581","102","2008-09-17 00:00:00"
"5940","5842","98","2008-09-18 00:00:00"
"5453","5349","104","2008-09-19 00:00:00"
"1990","1954","36","2008-09-20 00:00:00"
"1757","1721","36","2008-09-21 00:00:00"
"4130","4063","67","2008-09-22 00:00:00"
"4342","4278","64","2008-09-23 00:00:00"
"4105","4039","66","2008-09-24 00:00:00"
"4194","4139","55","2008-09-25 00:00:00"
"3921","3863","58","2008-09-26 00:00:00"
"1469","1434","35","2008-09-27 00:00:00"
"1510","1474","36","2008-09-28 00:00:00"
"3049","3004","45","2008-09-29 00:00:00"
"3445","3387","58","2008-09-30 00:00:00"
"3200","3162","38","2008-10-01 00:00:00"
"3438","3393","45","2008-10-02 00:00:00"
"2887","2848","39","2008-10-03 00:00:00"
"1218","1200","18","2008-10-04 00:00:00"
"1088","1068","20","2008-10-05 00:00:00"
"2722","2682","40","2008-10-06 00:00:00"
"3045","2992","53","2008-10-07 00:00:00"
"3282","3239","43","2008-10-08 00:00:00"
"3150","3102","48","2008-10-09 00:00:00"
"2708","2668","40","2008-10-10 00:00:00"
"1045","1030","15","2008-10-11 00:00:00"
"1052","1036","16","2008-10-12 00:00:00"
"2407","2375","32","2008-10-13 00:00:00"
"2872","2830","42","2008-10-14 00:00:00"
"2604","2561","43","2008-10-15 00:00:00"
"2713","2670","43","2008-10-16 00:00:00"
"2533","2496","37","2008-10-17 00:00:00"
"1111","1091","20","2008-10-18 00:00:00"
"1022","1013","9","2008-10-19 00:00:00"
"2430","2405","25","2008-10-20 00:00:00"
"2861","2822","39","2008-10-21 00:00:00"
"2890","2851","39","2008-10-22 00:00:00"
"2770","2734","36","2008-10-23 00:00:00"
"2495","2468","27","2008-10-24 00:00:00"
"1114","1101","13","2008-10-25 00:00:00"
"1032","1019","13","2008-10-26 00:00:00"
"2045","2015","30","2008-10-27 00:00:00"
"2655","2619","36","2008-10-28 00:00:00"
"2693","2656","37","2008-10-29 00:00:00"
"2552","2522","30","2008-10-30 00:00:00"
"2256","2230","26","2008-10-31 00:00:00"
"752","738","14","2008-11-01 00:00:00"
"935","919","16","2008-11-02 00:00:00"
"2049","2020","29","2008-11-03 00:00:00"
"2657","2620","37","2008-11-04 00:00:00"
"2405","2376","29","2008-11-05 00:00:00"
"2727","2694","33","2008-11-06 00:00:00"
"2479","2442","37","2008-11-07 00:00:00"
"1037","1028","9","2008-11-08 00:00:00"
"980","960","20","2008-11-09 00:00:00"
"2292","2264","28","2008-11-10 00:00:00"
"2279","2253","26","2008-11-11 00:00:00"
"2577","2548","29","2008-11-12 00:00:00"
"2321","2286","35","2008-11-13 00:00:00"
"2285","2255","30","2008-11-14 00:00:00"
"1097","1077","20","2008-11-15 00:00:00"
"943","933","10","2008-11-16 00:00:00"
"2129","2101","28","2008-11-17 00:00:00"
"2375","2350","25","2008-11-18 00:00:00"
"2481","2452","29","2008-11-19 00:00:00"
"2452","2419","33","2008-11-20 00:00:00"
"2272","2235","37","2008-11-21 00:00:00"
"968","953","15","2008-11-22 00:00:00"
"930","920","10","2008-11-23 00:00:00"
"2118","2093","25","2008-11-24 00:00:00"
"2515","2484","31","2008-11-25 00:00:00"
"2373","2347","26","2008-11-26 00:00:00"
"1696","1667","29","2008-11-27 00:00:00"
"1548","1523","25","2008-11-28 00:00:00"
"949","936","13","2008-11-29 00:00:00"
"898","885","13","2008-11-30 00:00:00"
"2069","2047","22","2008-12-01 00:00:00"
"2394","2363","31","2008-12-02 00:00:00"
"2391","2362","29","2008-12-03 00:00:00"
"2498","2466","32","2008-12-04 00:00:00"
"2145","2112","33","2008-12-05 00:00:00"
"1011","999","12","2008-12-06 00:00:00"
"929","913","16","2008-12-07 00:00:00"
"2182","2154","28","2008-12-08 00:00:00"
"2417","2387","30","2008-12-09 00:00:00"
"2392","2368","24","2008-12-10 00:00:00"
"2497","2471","26","2008-12-11 00:00:00"
"2252","2220","32","2008-12-12 00:00:00"
"1005","989","16","2008-12-13 00:00:00"
"863","852","11","2008-12-14 00:00:00"
"2092","2064","28","2008-12-15 00:00:00"
"2297","2272","25","2008-12-16 00:00:00"
"2551","2517","34","2008-12-17 00:00:00"
"2414","2385","29","2008-12-18 00:00:00"
"2170","2141","29","2008-12-19 00:00:00"
"923","907","16","2008-12-20 00:00:00"
"903","891","12","2008-12-21 00:00:00"
"1877","1851","26","2008-12-22 00:00:00"
"1935","1918","17","2008-12-23 00:00:00"
"1343","1331","12","2008-12-24 00:00:00"
"575","562","13","2008-12-25 00:00:00"
"792","777","15","2008-12-26 00:00:00"
"828","814","14","2008-12-27 00:00:00"
"984","974","10","2008-12-28 00:00:00"
"1709","1688","21","2008-12-29 00:00:00"
"2076","2049","27","2008-12-30 00:00:00"
"1665","1642","23","2008-12-31 00:00:00"
"941","928","13","2009-01-01 00:00:00"
"1853","1834","19","2009-01-02 00:00:00"
"1248","1231","17","2009-01-03 00:00:00"
"1356","1338","18","2009-01-04 00:00:00"
"2256","2238","18","2009-01-05 00:00:00"
"2799","2755","44","2009-01-06 00:00:00"
"2967","2929","38","2009-01-07 00:00:00"
"2745","2709","36","2009-01-08 00:00:00"
"2620","2583","37","2009-01-09 00:00:00"
"1321","1311","10","2009-01-10 00:00:00"
"1514","1489","25","2009-01-11 00:00:00"
"2707","2681","26","2009-01-12 00:00:00"
"2783","2758","25","2009-01-13 00:00:00"
"2899","2861","38","2009-01-14 00:00:00"
"2976","2941","35","2009-01-15 00:00:00"
"2640","2603","37","2009-01-16 00:00:00"
"1287","1261","26","2009-01-17 00:00:00"
"1337","1314","23","2009-01-18 00:00:00"
"2619","2593","26","2009-01-19 00:00:00"
"3009","2975","34","2009-01-20 00:00:00"
"3043","3011","32","2009-01-21 00:00:00"
"2721","2691","30","2009-01-22 00:00:00"
"2800","2771","29","2009-01-23 00:00:00"
"1321","1303","18","2009-01-24 00:00:00"
"1160","1146","14","2009-01-25 00:00:00"
"2687","2653","34","2009-01-26 00:00:00"
"3094","3063","31","2009-01-27 00:00:00"
"3067","3040","27","2009-01-28 00:00:00"
"3138","3088","50","2009-01-29 00:00:00"
"2882","2848","34","2009-01-30 00:00:00"
"1488","1470","18","2009-01-31 00:00:00"
"1484","1468","16","2009-02-01 00:00:00"
"2766","2740","26","2009-02-02 00:00:00"
"3119","3083","36","2009-02-03 00:00:00"
"3445","3409","36","2009-02-04 00:00:00"
"3604","3571","33","2009-02-05 00:00:00"
"3234","3198","36","2009-02-06 00:00:00"
"1560","1530","30","2009-02-07 00:00:00"
"1439","1419","20","2009-02-08 00:00:00"
"3074","3026","48","2009-02-09 00:00:00"
"3414","3369","45","2009-02-10 00:00:00"
"3621","3572","49","2009-02-11 00:00:00"
"3832","3788","44","2009-02-12 00:00:00"
"3175","3143","32","2009-02-13 00:00:00"
"1387","1372","15","2009-02-14 00:00:00"
"1512","1496","16","2009-02-15 00:00:00"
"2518","2495","23","2009-02-16 00:00:00"
"3409","3378","31","2009-02-17 00:00:00"
"3308","3262","46","2009-02-18 00:00:00"
"3301","3257","44","2009-02-19 00:00:00"
"3060","3027","33","2009-02-20 00:00:00"
"1523","1504","19","2009-02-21 00:00:00"
"1658","1631","27","2009-02-22 00:00:00"
"3059","3022","37","2009-02-23 00:00:00"
"3444","3410","34","2009-02-24 00:00:00"
"3386","3356","30","2009-02-25 00:00:00"
"3710","3673","37","2009-02-26 00:00:00"
"3366","3326","40","2009-02-27 00:00:00"
"1440","1423","17","2009-02-28 00:00:00"
"1469","1454","15","2009-03-01 00:00:00"
"3005","2968","37","2009-03-02 00:00:00"
"3365","3326","39","2009-03-03 00:00:00"
"3531","3498","33","2009-03-04 00:00:00"
"3455","3423","32","2009-03-05 00:00:00"
"3049","3018","31","2009-03-06 00:00:00"
"1475","1457","18","2009-03-07 00:00:00"
"1493","1471","22","2009-03-08 00:00:00"
"3274","3246","28","2009-03-09 00:00:00"
"3345","3319","26","2009-03-10 00:00:00"
"3238","3209","29","2009-03-11 00:00:00"
"3302","3266","36","2009-03-12 00:00:00"
"3284","3244","40","2009-03-13 00:00:00"
"1531","1501","30","2009-03-14 00:00:00"
"1479","1461","18","2009-03-15 00:00:00"
"3162","3128","34","2009-03-16 00:00:00"
"3102","3076","26","2009-03-17 00:00:00"
"3290","3251","39","2009-03-18 00:00:00"
"3072","3038","34","2009-03-19 00:00:00"
"3136","3105","31","2009-03-20 00:00:00"
"1527","1511","16","2009-03-21 00:00:00"
"1313","1299","14","2009-03-22 00:00:00"
"3190","3163","27","2009-03-23 00:00:00"
"3334","3296","38","2009-03-24 00:00:00"
"3457","3428","29","2009-03-25 00:00:00"
"3293","3257","36","2009-03-26 00:00:00"
"3141","3114","27","2009-03-27 00:00:00"
"1558","1540","18","2009-03-28 00:00:00"
"1522","1505","17","2009-03-29 00:00:00"
"3145","3124","21","2009-03-30 00:00:00"
"3162","3129","33","2009-03-31 00:00:00"
"3360","3327","33","2009-04-01 00:00:00"
"3563","3522","41","2009-04-02 00:00:00"
"3362","3324","38","2009-04-03 00:00:00"
"1605","1590","15","2009-04-04 00:00:00"
"1487","1465","22","2009-04-05 00:00:00"
"3136","3104","32","2009-04-06 00:00:00"
"3446","3409","37","2009-04-07 00:00:00"
"3573","3535","38","2009-04-08 00:00:00"
"3362","3329","33","2009-04-09 00:00:00"
"2331","2303","28","2009-04-10 00:00:00"
"1485","1471","14","2009-04-11 00:00:00"
"1275","1267","8","2009-04-12 00:00:00"
"2543","2514","29","2009-04-13 00:00:00"
"3205","3183","22","2009-04-14 00:00:00"
"3661","3613","48","2009-04-15 00:00:00"
"3466","3437","29","2009-04-16 00:00:00"
"3323","3287","36","2009-04-17 00:00:00"
"1601","1584","17","2009-04-18 00:00:00"
"1580","1558","22","2009-04-19 00:00:00"
"3394","3361","33","2009-04-20 00:00:00"
"3877","3837","40","2009-04-21 00:00:00"
"3714","3665","49","2009-04-22 00:00:00"
"3555","3519","36","2009-04-23 00:00:00"
"3101","3068","33","2009-04-24 00:00:00"
"1716","1700","16","2009-04-25 00:00:00"
"1538","1519","19","2009-04-26 00:00:00"
"3211","3184","27","2009-04-27 00:00:00"
"3764","3734","30","2009-04-28 00:00:00"
"3718","3679","39","2009-04-29 00:00:00"
"3973","3931","42","2009-04-30 00:00:00"
"3298","3275","23","2009-05-01 00:00:00"
"1782","1758","24","2009-05-02 00:00:00"
"1969","1951","18","2009-05-03 00:00:00"
"3554","3523","31","2009-05-04 00:00:00"
"3988","3949","39","2009-05-05 00:00:00"
"4017","3989","28","2009-05-06 00:00:00"
"4364","4316","48","2009-05-07 00:00:00"
"3962","3928","34","2009-05-08 00:00:00"
"1754","1728","26","2009-05-09 00:00:00"
"1630","1615","15","2009-05-10 00:00:00"
"3561","3518","43","2009-05-11 00:00:00"
"4102","4060","42","2009-05-12 00:00:00"
"4660","4622","38","2009-05-13 00:00:00"
"4580","4529","51","2009-05-14 00:00:00"
"3966","3924","42","2009-05-15 00:00:00"
"1847","1835","12","2009-05-16 00:00:00"
"1815","1804","11","2009-05-17 00:00:00"
"3842","3803","39","2009-05-18 00:00:00"
"4307","4265","42","2009-05-19 00:00:00"
"4333","4294","39","2009-05-20 00:00:00"
"4214","4178","36","2009-05-21 00:00:00"
"3886","3857","29","2009-05-22 00:00:00"
"1835","1813","22","2009-05-23 00:00:00"
"1778","1764","14","2009-05-24 00:00:00"
"2806","2787","19","2009-05-25 00:00:00"
"4039","4006","33","2009-05-26 00:00:00"
"4430","4405","25","2009-05-27 00:00:00"
"4396","4356","40","2009-05-28 00:00:00"
"4106","4068","38","2009-05-29 00:00:00"
"1918","1899","19","2009-05-30 00:00:00"
"1847","1827","20","2009-05-31 00:00:00"
"3529","3494","35","2009-06-01 00:00:00"
"4336","4300","36","2009-06-02 00:00:00"
"4435","4403","32","2009-06-03 00:00:00"
"4898","4851","47","2009-06-04 00:00:00"
"4077","4038","39","2009-06-05 00:00:00"
"1876","1864","12","2009-06-06 00:00:00"
"1795","1779","16","2009-06-07 00:00:00"
"3859","3825","34","2009-06-08 00:00:00"
"4574","4535","39","2009-06-09 00:00:00"
"4684","4642","42","2009-06-10 00:00:00"
"4766","4736","30","2009-06-11 00:00:00"
"4278","4239","39","2009-06-12 00:00:00"
"1853","1827","26","2009-06-13 00:00:00"
"1798","1783","15","2009-06-14 00:00:00"
"4148","4099","49","2009-06-15 00:00:00"
"4429","4385","44","2009-06-16 00:00:00"
"4654","4612","42","2009-06-17 00:00:00"
"4807","4762","45","2009-06-18 00:00:00"
"4011","3971","40","2009-06-19 00:00:00"
"1913","1887","26","2009-06-20 00:00:00"
"1871","1850","21","2009-06-21 00:00:00"
"4100","4053","47","2009-06-22 00:00:00"
"4903","4856","47","2009-06-23 00:00:00"
"4757","4709","48","2009-06-24 00:00:00"
"4382","4346","36","2009-06-25 00:00:00"
"4157","4120","37","2009-06-26 00:00:00"
"1783","1771","12","2009-06-27 00:00:00"
"1842","1819","23","2009-06-28 00:00:00"
"4207","4172","35","2009-06-29 00:00:00"
"4647","4592","55","2009-06-30 00:00:00"
"4373","4335","38","2009-07-01 00:00:00"
"4405","4353","52","2009-07-02 00:00:00"
"3228","3201","27","2009-07-03 00:00:00"
"1693","1667","26","2009-07-04 00:00:00"
"1551","1535","16","2009-07-05 00:00:00"
"3983","3954","29","2009-07-06 00:00:00"
"4742","4689","53","2009-07-07 00:00:00"
"4819","4771","48","2009-07-08 00:00:00"
"4958","4909","49","2009-07-09 00:00:00"
"4551","4507","44","2009-07-10 00:00:00"
"2067","2046","21","2009-07-11 00:00:00"
"1873","1851","22","2009-07-12 00:00:00"
"4501","4463","38","2009-07-13 00:00:00"
"4964","4915","49","2009-07-14 00:00:00"
"5061","5019","42","2009-07-15 00:00:00"
"5165","5117","48","2009-07-16 00:00:00"
"4479","4441","38","2009-07-17 00:00:00"
"2195","2169","26","2009-07-18 00:00:00"
"1954","1934","20","2009-07-19 00:00:00"
"4471","4434","37","2009-07-20 00:00:00"
"4816","4773","43","2009-07-21 00:00:00"
"5387","5333","54","2009-07-22 00:00:00"
"5173","5125","48","2009-07-23 00:00:00"
"4579","4538","41","2009-07-24 00:00:00"
"2189","2161","28","2009-07-25 00:00:00"
"2121","2105","16","2009-07-26 00:00:00"
"4416","4373","43","2009-07-27 00:00:00"
"5045","4992","53","2009-07-28 00:00:00"
"5219","5173","46","2009-07-29 00:00:00"
"5146","5087","59","2009-07-30 00:00:00"
"4500","4463","37","2009-07-31 00:00:00"
"1981","1964","17","2009-08-01 00:00:00"
"1877","1862","15","2009-08-02 00:00:00"
"4220","4187","33","2009-08-03 00:00:00"
"4369","4320","49","2009-08-04 00:00:00"
"4833","4796","37","2009-08-05 00:00:00"
"4954","4905","49","2009-08-06 00:00:00"
"4394","4355","39","2009-08-07 00:00:00"
"2128","2112","16","2009-08-08 00:00:00"
"2028","2004","24","2009-08-09 00:00:00"
"4326","4283","43","2009-08-10 00:00:00"
"4740","4709","31","2009-08-11 00:00:00"
"4854","4814","40","2009-08-12 00:00:00"
"5054","5013","41","2009-08-13 00:00:00"
"4581","4541","40","2009-08-14 00:00:00"
"1964","1946","18","2009-08-15 00:00:00"
"2076","2054","22","2009-08-16 00:00:00"
"4520","4486","34","2009-08-17 00:00:00"
"5062","5032","30","2009-08-18 00:00:00"
"5120","5070","50","2009-08-19 00:00:00"
"5206","5161","45","2009-08-20 00:00:00"
"4264","4226","38","2009-08-21 00:00:00"
"2165","2148","17","2009-08-22 00:00:00"
"2060","2036","24","2009-08-23 00:00:00"
"4581","4547","34","2009-08-24 00:00:00"
"5230","5194","36","2009-08-25 00:00:00"
"5507","5455","52","2009-08-26 00:00:00"
"5024","4980","44","2009-08-27 00:00:00"
"4660","4622","38","2009-08-28 00:00:00"
"2247","2227","20","2009-08-29 00:00:00"
"2219","2194","25","2009-08-30 00:00:00"
"3990","3955","35","2009-08-31 00:00:00"
"4461","4428","33","2009-09-01 00:00:00"
"4569","4532","37","2009-09-02 00:00:00"
"4941","4904","37","2009-09-03 00:00:00"
"4533","4498","35","2009-09-04 00:00:00"
"2072","2056","16","2009-09-05 00:00:00"
"2091","2068","23","2009-09-06 00:00:00"
"3556","3532","24","2009-09-07 00:00:00"
"4696","4658","38","2009-09-08 00:00:00"
"5007","4977","30","2009-09-09 00:00:00"
"4740","4703","37","2009-09-10 00:00:00"
"4542","4508","34","2009-09-11 00:00:00"
"2250","2234","16","2009-09-12 00:00:00"
"2247","2227","20","2009-09-13 00:00:00"
"4407","4380","27","2009-09-14 00:00:00"
"4822","4783","39","2009-09-15 00:00:00"
"4904","4874","30","2009-09-16 00:00:00"
"4841","4805","36","2009-09-17 00:00:00"
"4397","4365","32","2009-09-18 00:00:00"
"2110","2093","17","2009-09-19 00:00:00"
"2112","2088","24","2009-09-20 00:00:00"
"4332","4301","31","2009-09-21 00:00:00"
"4780","4741","39","2009-09-22 00:00:00"
"4909","4873","36","2009-09-23 00:00:00"
"4596","4566","30","2009-09-24 00:00:00"
"4387","4354","33","2009-09-25 00:00:00"
"2007","1989","18","2009-09-26 00:00:00"
"2020","2010","10","2009-09-27 00:00:00"
"4327","4300","27","2009-09-28 00:00:00"
"4828","4782","46","2009-09-29 00:00:00"
"4839","4802","37","2009-09-30 00:00:00"
"4893","4860","33","2009-10-01 00:00:00"
"4348","4317","31","2009-10-02 00:00:00"
"2378","2358","20","2009-10-03 00:00:00"
"2180","2161","19","2009-10-04 00:00:00"
"4439","4413","26","2009-10-05 00:00:00"
"4922","4882","40","2009-10-06 00:00:00"
"5186","5144","42","2009-10-07 00:00:00"
"5404","5359","45","2009-10-08 00:00:00"
"4544","4501","43","2009-10-09 00:00:00"
"2312","2299","13","2009-10-10 00:00:00"
"2239","2217","22","2009-10-11 00:00:00"
"4528","4488","40","2009-10-12 00:00:00"
"5041","5011","30","2009-10-13 00:00:00"
"5091","5047","44","2009-10-14 00:00:00"
"5192","5152","40","2009-10-15 00:00:00"
"4370","4336","34","2009-10-16 00:00:00"
"2171","2154","17","2009-10-17 00:00:00"
"2317","2295","22","2009-10-18 00:00:00"
"4495","4466","29","2009-10-19 00:00:00"
"5246","5197","49","2009-10-20 00:00:00"
"5237","5188","49","2009-10-21 00:00:00"
"5339","5294","45","2009-10-22 00:00:00"
"4853","4828","25","2009-10-23 00:00:00"
"2502","2480","22","2009-10-24 00:00:00"
"2466","2441","25","2009-10-25 00:00:00"
"4529","4497","32","2009-10-26 00:00:00"
"5400","5357","43","2009-10-27 00:00:00"
"5455","5420","35","2009-10-28 00:00:00"
"5317","5282","35","2009-10-29 00:00:00"
"4729","4703","26","2009-10-30 00:00:00"
"2579","2554","25","2009-10-31 00:00:00"
"2384","2365","19","2009-11-01 00:00:00"
"4750","4705","45","2009-11-02 00:00:00"
"5521","5475","46","2009-11-03 00:00:00"
"5602","5566","36","2009-11-04 00:00:00"
"5959","5930","29","2009-11-05 00:00:00"
"5696","5656","40","2009-11-06 00:00:00"
"2916","2894","22","2009-11-07 00:00:00"
"2790","2768","22","2009-11-08 00:00:00"
"5318","5285","33","2009-11-09 00:00:00"
"6149","6098","51","2009-11-10 00:00:00"
"5698","5647","51","2009-11-11 00:00:00"
"6125","6063","62","2009-11-12 00:00:00"
"5378","5338","40","2009-11-13 00:00:00"
"2907","2875","32","2009-11-14 00:00:00"
"2769","2746","23","2009-11-15 00:00:00"
"5333","5284","49","2009-11-16 00:00:00"
"5891","5850","41","2009-11-17 00:00:00"
"6108","6069","39","2009-11-18 00:00:00"
"6283","6234","49","2009-11-19 00:00:00"
"5193","5155","38","2009-11-20 00:00:00"
"2763","2737","26","2009-11-21 00:00:00"
"2666","2638","28","2009-11-22 00:00:00"
"5403","5366","37","2009-11-23 00:00:00"
"5812","5762","50","2009-11-24 00:00:00"
"5924","5876","48","2009-11-25 00:00:00"
"4588","4551","37","2009-11-26 00:00:00"
"4121","4091","30","2009-11-27 00:00:00"
"2613","2591","22","2009-11-28 00:00:00"
"2563","2550","13","2009-11-29 00:00:00"
"5121","5087","34","2009-11-30 00:00:00"
"5461","5422","39","2009-12-01 00:00:00"
"5827","5777","50","2009-12-02 00:00:00"
"6056","6012","44","2009-12-03 00:00:00"
"5503","5468","35","2009-12-04 00:00:00"
"2861","2842","19","2009-12-05 00:00:00"
"2619","2603","16","2009-12-06 00:00:00"
"5542","5512","30","2009-12-07 00:00:00"
"5845","5803","42","2009-12-08 00:00:00"
"5763","5723","40","2009-12-09 00:00:00"
"6033","5991","42","2009-12-10 00:00:00"
"5500","5461","39","2009-12-11 00:00:00"
"2819","2801","18","2009-12-12 00:00:00"
"2696","2671","25","2009-12-13 00:00:00"
"5184","5148","36","2009-12-14 00:00:00"
"5947","5904","43","2009-12-15 00:00:00"
"6226","6177","49","2009-12-16 00:00:00"
"5716","5683","33","2009-12-17 00:00:00"
"4947","4905","42","2009-12-18 00:00:00"
"2602","2585","17","2009-12-19 00:00:00"
"2513","2490","23","2009-12-20 00:00:00"
"4918","4885","33","2009-12-21 00:00:00"
"5580","5534","46","2009-12-22 00:00:00"
"5088","5054","34","2009-12-23 00:00:00"
"3387","3346","41","2009-12-24 00:00:00"
"1724","1705","19","2009-12-25 00:00:00"
"1956","1943","13","2009-12-26 00:00:00"
"2289","2267","22","2009-12-27 00:00:00"
"4014","3977","37","2009-12-28 00:00:00"
"4623","4584","39","2009-12-29 00:00:00"
"4656","4622","34","2009-12-30 00:00:00"
"3624","3597","27","2009-12-31 00:00:00"
"2179","2163","16","2010-01-01 00:00:00"
"2724","2696","28","2010-01-02 00:00:00"
"2858","2838","20","2010-01-03 00:00:00"
"5362","5325","37","2010-01-04 00:00:00"
"5685","5655","30","2010-01-05 00:00:00"
"6130","6091","39","2010-01-06 00:00:00"
"6291","6222","69","2010-01-07 00:00:00"
"5866","5815","51","2010-01-08 00:00:00"
"3197","3173","24","2010-01-09 00:00:00"
"3188","3159","29","2010-01-10 00:00:00"
"5510","5471","39","2010-01-11 00:00:00"
"6282","6234","48","2010-01-12 00:00:00"
"6516","6453","63","2010-01-13 00:00:00"
"6068","6030","38","2010-01-14 00:00:00"
"5992","5942","50","2010-01-15 00:00:00"
"3229","3202","27","2010-01-16 00:00:00"
"3098","3075","23","2010-01-17 00:00:00"
"5814","5774","40","2010-01-18 00:00:00"
"6834","6779","55","2010-01-19 00:00:00"
"6628","6573","55","2010-01-20 00:00:00"
"6673","6621","52","2010-01-21 00:00:00"
"6180","6131","49","2010-01-22 00:00:00"
"3230","3203","27","2010-01-23 00:00:00"
"3585","3558","27","2010-01-24 00:00:00"
"5993","5941","52","2010-01-25 00:00:00"
"6055","6011","44","2010-01-26 00:00:00"
"6588","6524","64","2010-01-27 00:00:00"
"6439","6396","43","2010-01-28 00:00:00"
"6076","6037","39","2010-01-29 00:00:00"
"3189","3152","37","2010-01-30 00:00:00"
"3341","3311","30","2010-01-31 00:00:00"
"5965","5922","43","2010-02-01 00:00:00"
"6542","6485","57","2010-02-02 00:00:00"
"6501","6452","49","2010-02-03 00:00:00"
"6568","6520","48","2010-02-04 00:00:00"
"6127","6079","48","2010-02-05 00:00:00"
"3303","3266","37","2010-02-06 00:00:00"
"3048","3032","16","2010-02-07 00:00:00"
"5772","5735","37","2010-02-08 00:00:00"
"6491","6429","62","2010-02-09 00:00:00"
"6621","6564","57","2010-02-10 00:00:00"
"6271","6230","41","2010-02-11 00:00:00"
"6034","5984","50","2010-02-12 00:00:00"
"3133","3101","32","2010-02-13 00:00:00"
"3098","3068","30","2010-02-14 00:00:00"
"5379","5330","49","2010-02-15 00:00:00"
"6422","6354","68","2010-02-16 00:00:00"
"6812","6764","48","2010-02-17 00:00:00"
"6603","6559","44","2010-02-18 00:00:00"
"6114","6063","51","2010-02-19 00:00:00"
"3129","3102","27","2010-02-20 00:00:00"
"3167","3143","24","2010-02-21 00:00:00"
"6060","6022","38","2010-02-22 00:00:00"
"6331","6284","47","2010-02-23 00:00:00"
"6665","6610","55","2010-02-24 00:00:00"
"6617","6564","53","2010-02-25 00:00:00"
"5795","5747","48","2010-02-26 00:00:00"
"3194","3162","32","2010-02-27 00:00:00"
"3147","3117","30","2010-02-28 00:00:00"
"5680","5631","49","2010-03-01 00:00:00"
"6600","6544","56","2010-03-02 00:00:00"
"6691","6637","54","2010-03-03 00:00:00"
"6490","6446","44","2010-03-04 00:00:00"
"6063","6018","45","2010-03-05 00:00:00"
"3202","3169","33","2010-03-06 00:00:00"
"3325","3302","23","2010-03-07 00:00:00"
"6075","6031","44","2010-03-08 00:00:00"
"6688","6645","43","2010-03-09 00:00:00"
"6804","6750","54","2010-03-10 00:00:00"
"6674","6619","55","2010-03-11 00:00:00"
"5910","5867","43","2010-03-12 00:00:00"
"3337","3306","31","2010-03-13 00:00:00"
"3174","3147","27","2010-03-14 00:00:00"
"5835","5786","49","2010-03-15 00:00:00"
"6597","6544","53","2010-03-16 00:00:00"
"6405","6370","35","2010-03-17 00:00:00"
"6210","6165","45","2010-03-18 00:00:00"
"5992","5957","35","2010-03-19 00:00:00"
"3350","3326","24","2010-03-20 00:00:00"
"3354","3343","11","2010-03-21 00:00:00"
"6140","6086","54","2010-03-22 00:00:00"
"6583","6538","45","2010-03-23 00:00:00"
"6509","6468","41","2010-03-24 00:00:00"
"6660","6623","37","2010-03-25 00:00:00"
"6038","5994","44","2010-03-26 00:00:00"
"3176","3149","27","2010-03-27 00:00:00"
"3096","3068","28","2010-03-28 00:00:00"
"5784","5753","31","2010-03-29 00:00:00"
"6299","6254","45","2010-03-30 00:00:00"
"6428","6379","49","2010-03-31 00:00:00"
"5763","5723","40","2010-04-01 00:00:00"
"4414","4388","26","2010-04-02 00:00:00"
"2710","2694","16","2010-04-03 00:00:00"
"2759","2738","21","2010-04-04 00:00:00"
"4623","4593","30","2010-04-05 00:00:00"
"6135","6096","39","2010-04-06 00:00:00"
"6340","6316","24","2010-04-07 00:00:00"
"6380","6334","46","2010-04-08 00:00:00"
"6220","6174","46","2010-04-09 00:00:00"
"3270","3245","25","2010-04-10 00:00:00"
"3083","3056","27","2010-04-11 00:00:00"
"5912","5853","59","2010-04-12 00:00:00"
"6594","6534","60","2010-04-13 00:00:00"
"6611","6565","46","2010-04-14 00:00:00"
"6550","6495","55","2010-04-15 00:00:00"
"5897","5848","49","2010-04-16 00:00:00"
"3198","3160","38","2010-04-17 00:00:00"
"3320","3286","34","2010-04-18 00:00:00"
"6031","5987","44","2010-04-19 00:00:00"
"6549","6507","42","2010-04-20 00:00:00"
"6592","6546","46","2010-04-21 00:00:00"
"6732","6670","62","2010-04-22 00:00:00"
"6123","6076","47","2010-04-23 00:00:00"
"3296","3267","29","2010-04-24 00:00:00"
"3178","3148","30","2010-04-25 00:00:00"
"6266","6216","50","2010-04-26 00:00:00"
"6932","6871","61","2010-04-27 00:00:00"
"6714","6649","65","2010-04-28 00:00:00"
"6425","6387","38","2010-04-29 00:00:00"
"5687","5641","46","2010-04-30 00:00:00"
"3011","2990","21","2010-05-01 00:00:00"
"2932","2911","21","2010-05-02 00:00:00"
"5419","5381","38","2010-05-03 00:00:00"
"6472","6439","33","2010-05-04 00:00:00"
"6549","6506","43","2010-05-05 00:00:00"
"6445","6407","38","2010-05-06 00:00:00"
"5864","5833","31","2010-05-07 00:00:00"
"3093","3085","8","2010-05-08 00:00:00"
"2895","2881","14","2010-05-09 00:00:00"
"6285","6228","57","2010-05-10 00:00:00"
"6609","6574","35","2010-05-11 00:00:00"
"7028","6985","43","2010-05-12 00:00:00"
"6101","6071","30","2010-05-13 00:00:00"
"6053","6015","38","2010-05-14 00:00:00"
"3090","3066","24","2010-05-15 00:00:00"
"3284","3255","29","2010-05-16 00:00:00"
"6547","6491","56","2010-05-17 00:00:00"
"6962","6902","60","2010-05-18 00:00:00"
"6899","6848","51","2010-05-19 00:00:00"
"7121","7078","43","2010-05-20 00:00:00"
"6398","6358","40","2010-05-21 00:00:00"
"3227","3197","30","2010-05-22 00:00:00"
"3138","3102","36","2010-05-23 00:00:00"
"6066","6004","62","2010-05-24 00:00:00"
"6794","6730","64","2010-05-25 00:00:00"
"6993","6927","66","2010-05-26 00:00:00"
"6849","6783","66","2010-05-27 00:00:00"
"6170","6118","52","2010-05-28 00:00:00"
"3230","3200","30","2010-05-29 00:00:00"
"3096","3060","36","2010-05-30 00:00:00"
"4881","4823","58","2010-05-31 00:00:00"
"6405","6337","68","2010-06-01 00:00:00"
"7046","6977","69","2010-06-02 00:00:00"
"6940","6867","73","2010-06-03 00:00:00"
"6714","6624","90","2010-06-04 00:00:00"
"3485","3444","41","2010-06-05 00:00:00"
"3184","3149","35","2010-06-06 00:00:00"
"6409","6341","68","2010-06-07 00:00:00"
"6944","6878","66","2010-06-08 00:00:00"
"7168","7110","58","2010-06-09 00:00:00"
"7248","7192","56","2010-06-10 00:00:00"
"6424","6355","69","2010-06-11 00:00:00"
"2989","2963","26","2010-06-12 00:00:00"
"3291","3259","32","2010-06-13 00:00:00"
"6172","6113","59","2010-06-14 00:00:00"
"6941","6868","73","2010-06-15 00:00:00"
"6892","6834","58","2010-06-16 00:00:00"
"7067","7003","64","2010-06-17 00:00:00"
"6194","6138","56","2010-06-18 00:00:00"
"3289","3250","39","2010-06-19 00:00:00"
"3161","3121","40","2010-06-20 00:00:00"
"6597","6539","58","2010-06-21 00:00:00"
"7299","7218","81","2010-06-22 00:00:00"
"7069","7010","59","2010-06-23 00:00:00"
"6934","6857","77","2010-06-24 00:00:00"
"6197","6142","55","2010-06-25 00:00:00"
"3142","3113","29","2010-06-26 00:00:00"
"2978","2952","26","2010-06-27 00:00:00"
"6509","6440","69","2010-06-28 00:00:00"
"7289","7211","78","2010-06-29 00:00:00"
"7371","7295","76","2010-06-30 00:00:00"
"7013","6944","69","2010-07-01 00:00:00"
"6120","6063","57","2010-07-02 00:00:00"
"2985","2949","36","2010-07-03 00:00:00"
"2889","2851","38","2010-07-04 00:00:00"
"5306","5267","39","2010-07-05 00:00:00"
"7031","6962","69","2010-07-06 00:00:00"
"7494","7410","84","2010-07-07 00:00:00"
"7757","7683","74","2010-07-08 00:00:00"
"7109","7042","67","2010-07-09 00:00:00"
"3489","3446","43","2010-07-10 00:00:00"
"3250","3212","38","2010-07-11 00:00:00"
"6778","6700","78","2010-07-12 00:00:00"
"8042","7974","68","2010-07-13 00:00:00"
"7686","7620","66","2010-07-14 00:00:00"
"8021","7949","72","2010-07-15 00:00:00"
"7291","7226","65","2010-07-16 00:00:00"
"3531","3496","35","2010-07-17 00:00:00"
"3393","3360","33","2010-07-18 00:00:00"
"7092","7018","74","2010-07-19 00:00:00"
"7892","7813","79","2010-07-20 00:00:00"
"8025","7940","85","2010-07-21 00:00:00"
"8120","8043","77","2010-07-22 00:00:00"
"7405","7329","76","2010-07-23 00:00:00"
"3543","3509","34","2010-07-24 00:00:00"
"3451","3410","41","2010-07-25 00:00:00"
"7063","6993","70","2010-07-26 00:00:00"
"7617","7543","74","2010-07-27 00:00:00"
"8097","8026","71","2010-07-28 00:00:00"
"7964","7875","89","2010-07-29 00:00:00"
"7117","7047","70","2010-07-30 00:00:00"
"3399","3362","37","2010-07-31 00:00:00"
"3427","3394","33","2010-08-01 00:00:00"
"7151","7077","74","2010-08-02 00:00:00"
"7567","7490","77","2010-08-03 00:00:00"
"7799","7733","66","2010-08-04 00:00:00"
"7904","7829","75","2010-08-05 00:00:00"
"7185","7116","69","2010-08-06 00:00:00"
"3328","3288","40","2010-08-07 00:00:00"
"3432","3383","49","2010-08-08 00:00:00"
"7144","7062","82","2010-08-09 00:00:00"
"7877","7807","70","2010-08-10 00:00:00"
"8005","7930","75","2010-08-11 00:00:00"
"7694","7618","76","2010-08-12 00:00:00"
"7090","7028","62","2010-08-13 00:00:00"
"3593","3552","41","2010-08-14 00:00:00"
"3479","3430","49","2010-08-15 00:00:00"
"7232","7156","76","2010-08-16 00:00:00"
"8165","8076","89","2010-08-17 00:00:00"
"8286","8204","82","2010-08-18 00:00:00"
"8171","8100","71","2010-08-19 00:00:00"
"7127","7066","61","2010-08-20 00:00:00"
"3283","3246","37","2010-08-21 00:00:00"
"3827","3783","44","2010-08-22 00:00:00"
"7368","7306","62","2010-08-23 00:00:00"
"8017","7950","67","2010-08-24 00:00:00"
"7848","7781","67","2010-08-25 00:00:00"
"8090","8014","76","2010-08-26 00:00:00"
"7216","7146","70","2010-08-27 00:00:00"
"3541","3508","33","2010-08-28 00:00:00"
"3482","3440","42","2010-08-29 00:00:00"
"6836","6771","65","2010-08-30 00:00:00"
"7621","7553","68","2010-08-31 00:00:00"
"7646","7570","76","2010-09-01 00:00:00"
"7781","7720","61","2010-09-02 00:00:00"
"6999","6922","77","2010-09-03 00:00:00"
"3562","3530","32","2010-09-04 00:00:00"
"3283","3241","42","2010-09-05 00:00:00"
"5666","5612","54","2010-09-06 00:00:00"
"7344","7270","74","2010-09-07 00:00:00"
"7838","7765","73","2010-09-08 00:00:00"
"7297","7224","73","2010-09-09 00:00:00"
"6609","6563","46","2010-09-10 00:00:00"
"3363","3326","37","2010-09-11 00:00:00"
"3414","3385","29","2010-09-12 00:00:00"
"6895","6820","75","2010-09-13 00:00:00"
"7314","7255","59","2010-09-14 00:00:00"
"7680","7600","80","2010-09-15 00:00:00"
"7707","7621","86","2010-09-16 00:00:00"
"6898","6821","77","2010-09-17 00:00:00"
"3554","3511","43","2010-09-18 00:00:00"
"3357","3319","38","2010-09-19 00:00:00"
"7137","7073","64","2010-09-20 00:00:00"
"7652","7581","71","2010-09-21 00:00:00"
"7783","7720","63","2010-09-22 00:00:00"
"7462","7388","74","2010-09-23 00:00:00"
"7259","7184","75","2010-09-24 00:00:00"
"3566","3515","51","2010-09-25 00:00:00"
"3716","3664","52","2010-09-26 00:00:00"
"7064","7003","61","2010-09-27 00:00:00"
"7800","7737","63","2010-09-28 00:00:00"
"7596","7534","62","2010-09-29 00:00:00"
"7576","7509","67","2010-09-30 00:00:00"
"6947","6891","56","2010-10-01 00:00:00"
"3549","3501","48","2010-10-02 00:00:00"
"3456","3426","30","2010-10-03 00:00:00"
"6705","6651","54","2010-10-04 00:00:00"
"7370","7306","64","2010-10-05 00:00:00"
"7799","7722","77","2010-10-06 00:00:00"
"7675","7607","68","2010-10-07 00:00:00"
"7085","7024","61","2010-10-08 00:00:00"
"2812","2771","41","2010-10-09 00:00:00"
"3731","3679","52","2010-10-10 00:00:00"
"6883","6807","76","2010-10-11 00:00:00"
"7790","7717","73","2010-10-12 00:00:00"
"7734","7655","79","2010-10-13 00:00:00"
"8044","7974","70","2010-10-14 00:00:00"
"7232","7159","73","2010-10-15 00:00:00"
"3741","3698","43","2010-10-16 00:00:00"
"3812","3763","49","2010-10-17 00:00:00"
"7323","7243","80","2010-10-18 00:00:00"
"7970","7886","84","2010-10-19 00:00:00"
"7969","7903","66","2010-10-20 00:00:00"
"8251","8181","70","2010-10-21 00:00:00"
"7500","7427","73","2010-10-22 00:00:00"
"4163","4119","44","2010-10-23 00:00:00"
"3752","3721","31","2010-10-24 00:00:00"
"7407","7325","82","2010-10-25 00:00:00"
"7819","7754","65","2010-10-26 00:00:00"
"8297","8235","62","2010-10-27 00:00:00"
"7972","7886","86","2010-10-28 00:00:00"
"7321","7248","73","2010-10-29 00:00:00"
"3849","3811","38","2010-10-30 00:00:00"
"3936","3891","45","2010-10-31 00:00:00"
"7018","6943","75","2010-11-01 00:00:00"
"7775","7692","83","2010-11-02 00:00:00"
"8243","8169","74","2010-11-03 00:00:00"
"8226","8150","76","2010-11-04 00:00:00"
"7441","7367","74","2010-11-05 00:00:00"
"3978","3931","47","2010-11-06 00:00:00"
"3888","3850","38","2010-11-07 00:00:00"
"7589","7511","78","2010-11-08 00:00:00"
"9229","9120","109","2010-11-09 00:00:00"
"8858","8787","71","2010-11-10 00:00:00"
"8703","8631","72","2010-11-11 00:00:00"
"8161","8076","85","2010-11-12 00:00:00"
"4486","4438","48","2010-11-13 00:00:00"
"4305","4264","41","2010-11-14 00:00:00"
"8165","8071","94","2010-11-15 00:00:00"
"8735","8646","89","2010-11-16 00:00:00"
"8753","8688","65","2010-11-17 00:00:00"
"8955","8871","84","2010-11-18 00:00:00"
"8224","8140","84","2010-11-19 00:00:00"
"4431","4383","48","2010-11-20 00:00:00"
"4649","4602","47","2010-11-21 00:00:00"
"8867","8787","80","2010-11-22 00:00:00"
"9159","9073","86","2010-11-23 00:00:00"
"8891","8795","96","2010-11-24 00:00:00"
"7594","7511","83","2010-11-25 00:00:00"
"6452","6398","54","2010-11-26 00:00:00"
"4532","4485","47","2010-11-27 00:00:00"
"4526","4477","49","2010-11-28 00:00:00"
"7988","7907","81","2010-11-29 00:00:00"
"9110","9016","94","2010-11-30 00:00:00"
"8966","8885","81","2010-12-01 00:00:00"
"9347","9257","90","2010-12-02 00:00:00"
"8337","8262","75","2010-12-03 00:00:00"
"4717","4663","54","2010-12-04 00:00:00"
"4750","4694","56","2010-12-05 00:00:00"
"8524","8441","83","2010-12-06 00:00:00"
"9100","9025","75","2010-12-07 00:00:00"
"8991","8918","73","2010-12-08 00:00:00"
"9098","9033","65","2010-12-09 00:00:00"
"8350","8276","74","2010-12-10 00:00:00"
"4539","4486","53","2010-12-11 00:00:00"
"4327","4290","37","2010-12-12 00:00:00"
"8395","8310","85","2010-12-13 00:00:00"
"9164","9076","88","2010-12-14 00:00:00"
"9127","9050","77","2010-12-15 00:00:00"
"8805","8718","87","2010-12-16 00:00:00"
"7802","7735","67","2010-12-17 00:00:00"
"4279","4231","48","2010-12-18 00:00:00"
"4285","4241","44","2010-12-19 00:00:00"
"7798","7708","90","2010-12-20 00:00:00"
"8398","8328","70","2010-12-21 00:00:00"
"8336","8262","74","2010-12-22 00:00:00"
"7268","7202","66","2010-12-23 00:00:00"
"4504","4445","59","2010-12-24 00:00:00"
"2923","2887","36","2010-12-25 00:00:00"
"3161","3118","43","2010-12-26 00:00:00"
"5793","5736","57","2010-12-27 00:00:00"
"6598","6535","63","2010-12-28 00:00:00"
"7132","7077","55","2010-12-29 00:00:00"
"7024","6965","59","2010-12-30 00:00:00"
"4705","4658","47","2010-12-31 00:00:00"
"3126","3090","36","2011-01-01 00:00:00"
"4148","4102","46","2011-01-02 00:00:00"
"7099","7033","66","2011-01-03 00:00:00"
"8782","8701","81","2011-01-04 00:00:00"
"9292","9226","66","2011-01-05 00:00:00"
"9301","9216","85","2011-01-06 00:00:00"
"8726","8661","65","2011-01-07 00:00:00"
"4682","4631","51","2011-01-08 00:00:00"
"5003","4948","55","2011-01-09 00:00:00"
"8852","8771","81","2011-01-10 00:00:00"
"9684","9587","97","2011-01-11 00:00:00"
"9927","9841","86","2011-01-12 00:00:00"
"9862","9786","76","2011-01-13 00:00:00"
"9090","9029","61","2011-01-14 00:00:00"
"4986","4923","63","2011-01-15 00:00:00"
"5280","5225","55","2011-01-16 00:00:00"
"8996","8916","80","2011-01-17 00:00:00"
"9637","9545","92","2011-01-18 00:00:00"
"10177","10075","102","2011-01-19 00:00:00"
"10348","10243","105","2011-01-20 00:00:00"
"9504","9413","91","2011-01-21 00:00:00"
"5472","5413","59","2011-01-22 00:00:00"
"5193","5131","62","2011-01-23 00:00:00"
"9634","9552","82","2011-01-24 00:00:00"
"10020","9910","110","2011-01-25 00:00:00"
"9808","9713","95","2011-01-26 00:00:00"
"10217","10127","90","2011-01-27 00:00:00"
"9359","9290","69","2011-01-28 00:00:00"
"5187","5126","61","2011-01-29 00:00:00"
"5330","5264","66","2011-01-30 00:00:00"
"9635","9555","80","2011-01-31 00:00:00"
"10186","10074","112","2011-02-01 00:00:00"
"10403","10301","102","2011-02-02 00:00:00"
"10312","10227","85","2011-02-03 00:00:00"
"9499","9405","94","2011-02-04 00:00:00"
"5557","5495","62","2011-02-05 00:00:00"
"5666","5620","46","2011-02-06 00:00:00"
"9555","9462","93","2011-02-07 00:00:00"
"10160","10072","88","2011-02-08 00:00:00"
"10515","10422","93","2011-02-09 00:00:00"
"10562","10449","113","2011-02-10 00:00:00"
"9610","9516","94","2011-02-11 00:00:00"
"5370","5313","57","2011-02-12 00:00:00"
"5453","5407","46","2011-02-13 00:00:00"
"9515","9416","99","2011-02-14 00:00:00"
"10568","10468","100","2011-02-15 00:00:00"
"11062","10969","93","2011-02-16 00:00:00"
"10880","10775","105","2011-02-17 00:00:00"
"10017","9907","110","2011-02-18 00:00:00"
"5576","5531","45","2011-02-19 00:00:00"
"5828","5775","53","2011-02-20 00:00:00"
"10040","9944","96","2011-02-21 00:00:00"
"11192","11092","100","2011-02-22 00:00:00"
"11624","11512","112","2011-02-23 00:00:00"
"11294","11177","117","2011-02-24 00:00:00"
"10357","10256","101","2011-02-25 00:00:00"
"5720","5674","46","2011-02-26 00:00:00"
"5563","5508","55","2011-02-27 00:00:00"
"10427","10326","101","2011-02-28 00:00:00"
"11012","10896","116","2011-03-01 00:00:00"
"11272","11175","97","2011-03-02 00:00:00"
"11283","11163","120","2011-03-03 00:00:00"
"10702","10597","105","2011-03-04 00:00:00"
"6069","6009","60","2011-03-05 00:00:00"
"5817","5762","55","2011-03-06 00:00:00"
"10715","10604","111","2011-03-07 00:00:00"
"11213","11088","125","2011-03-08 00:00:00"
"12064","11950","114","2011-03-09 00:00:00"
"11729","11618","111","2011-03-10 00:00:00"
"10600","10490","110","2011-03-11 00:00:00"
"5781","5714","67","2011-03-12 00:00:00"
"6008","5939","69","2011-03-13 00:00:00"
"10875","10768","107","2011-03-14 00:00:00"
"11573","11480","93","2011-03-15 00:00:00"
"11966","11856","110","2011-03-16 00:00:00"
"11725","11628","97","2011-03-17 00:00:00"
"10643","10530","113","2011-03-18 00:00:00"
"5823","5772","51","2011-03-19 00:00:00"
"5786","5734","52","2011-03-20 00:00:00"
"10914","10798","116","2011-03-21 00:00:00"
"12384","12254","130","2011-03-22 00:00:00"
"11906","11797","109","2011-03-23 00:00:00"
"11928","11825","103","2011-03-24 00:00:00"
"10548","10427","121","2011-03-25 00:00:00"
"5831","5761","70","2011-03-26 00:00:00"
"6183","6117","66","2011-03-27 00:00:00"
"11154","11056","98","2011-03-28 00:00:00"
"11978","11851","127","2011-03-29 00:00:00"
"11652","11551","101","2011-03-30 00:00:00"
"12049","11934","115","2011-03-31 00:00:00"
"10475","10359","116","2011-04-01 00:00:00"
"5718","5651","67","2011-04-02 00:00:00"
"5810","5747","63","2011-04-03 00:00:00"
"10602","10468","134","2011-04-04 00:00:00"
"12245","12130","115","2011-04-05 00:00:00"
"12407","12288","119","2011-04-06 00:00:00"
"12487","12371","116","2011-04-07 00:00:00"
"11190","11079","111","2011-04-08 00:00:00"
"5813","5737","76","2011-04-09 00:00:00"
"5822","5744","78","2011-04-10 00:00:00"
"11486","11360","126","2011-04-11 00:00:00"
"12157","12043","114","2011-04-12 00:00:00"
"12189","12071","118","2011-04-13 00:00:00"
"11963","11847","116","2011-04-14 00:00:00"
"10701","10594","107","2011-04-15 00:00:00"
"5996","5918","78","2011-04-16 00:00:00"
"5923","5851","72","2011-04-17 00:00:00"
"11077","10972","105","2011-04-18 00:00:00"
"11972","11832","140","2011-04-19 00:00:00"
"11899","11788","111","2011-04-20 00:00:00"
"11296","11182","114","2011-04-21 00:00:00"
"8640","8541","99","2011-04-22 00:00:00"
"5646","5564","82","2011-04-23 00:00:00"
"5438","5375","63","2011-04-24 00:00:00"
"8931","8831","100","2011-04-25 00:00:00"
"11389","11273","116","2011-04-26 00:00:00"
"12226","12093","133","2011-04-27 00:00:00"
"12258","12130","128","2011-04-28 00:00:00"
"10249","10135","114","2011-04-29 00:00:00"
"5884","5816","68","2011-04-30 00:00:00"
"5932","5834","98","2011-05-01 00:00:00"
"9774","9667","107","2011-05-02 00:00:00"
"11465","11343","122","2011-05-03 00:00:00"
"12116","11971","145","2011-05-04 00:00:00"
"12122","12006","116","2011-05-05 00:00:00"
"10904","10794","110","2011-05-06 00:00:00"
"5681","5615","66","2011-05-07 00:00:00"
"5532","5467","65","2011-05-08 00:00:00"
"10728","10611","117","2011-05-09 00:00:00"
"12065","11939","126","2011-05-10 00:00:00"
"12238","12125","113","2011-05-11 00:00:00"
"11944","11823","121","2011-05-12 00:00:00"
"11224","11090","134","2011-05-13 00:00:00"
"5678","5605","73","2011-05-14 00:00:00"
"5571","5477","94","2011-05-15 00:00:00"
"10915","10775","140","2011-05-16 00:00:00"
"11799","11664","135","2011-05-17 00:00:00"
"11967","11865","102","2011-05-18 00:00:00"
"11838","11698","140","2011-05-19 00:00:00"
"10842","10714","128","2011-05-20 00:00:00"
"5478","5394","84","2011-05-21 00:00:00"
"5493","5433","60","2011-05-22 00:00:00"
"11055","10948","107","2011-05-23 00:00:00"
"11932","11805","127","2011-05-24 00:00:00"
"12243","12115","128","2011-05-25 00:00:00"
"12141","12023","118","2011-05-26 00:00:00"
"10607","10508","99","2011-05-27 00:00:00"
"5472","5411","61","2011-05-28 00:00:00"
"5248","5178","70","2011-05-29 00:00:00"
"8961","8872","89","2011-05-30 00:00:00"
"11231","11116","115","2011-05-31 00:00:00"
"12288","12164","124","2011-06-01 00:00:00"
"10889","10765","124","2011-06-02 00:00:00"
"10414","10289","125","2011-06-03 00:00:00"
"5456","5408","48","2011-06-04 00:00:00"
"5670","5607","63","2011-06-05 00:00:00"
"10831","10701","130","2011-06-06 00:00:00"
"11579","11447","132","2011-06-07 00:00:00"
"11757","11629","128","2011-06-08 00:00:00"
"12012","11875","137","2011-06-09 00:00:00"
"10787","10681","106","2011-06-10 00:00:00"
"5244","5185","59","2011-06-11 00:00:00"
"5363","5292","71","2011-06-12 00:00:00"
"10426","10309","117","2011-06-13 00:00:00"
"11918","11802","116","2011-06-14 00:00:00"
"12193","12085","108","2011-06-15 00:00:00"
"12249","12128","121","2011-06-16 00:00:00"
"11099","10988","111","2011-06-17 00:00:00"
"5762","5695","67","2011-06-18 00:00:00"
"5278","5222","56","2011-06-19 00:00:00"
"11171","11042","129","2011-06-20 00:00:00"
"12438","12293","145","2011-06-21 00:00:00"
"12488","12352","136","2011-06-22 00:00:00"
"12117","11982","135","2011-06-23 00:00:00"
"10964","10845","119","2011-06-24 00:00:00"
"5460","5385","75","2011-06-25 00:00:00"
"5406","5343","63","2011-06-26 00:00:00"
"10829","10718","111","2011-06-27 00:00:00"
"11898","11771","127","2011-06-28 00:00:00"
"12075","11959","116","2011-06-29 00:00:00"
"11764","11639","125","2011-06-30 00:00:00"
"10165","10070","95","2011-07-01 00:00:00"
"5063","5007","56","2011-07-02 00:00:00"
"5140","5079","61","2011-07-03 00:00:00"
"9028","8929","99","2011-07-04 00:00:00"
"11282","11170","112","2011-07-05 00:00:00"
"12087","11961","126","2011-07-06 00:00:00"
"12144","12031","113","2011-07-07 00:00:00"
"11301","11173","128","2011-07-08 00:00:00"
"5587","5502","85","2011-07-09 00:00:00"
"5289","5215","74","2011-07-10 00:00:00"
"11566","11447","119","2011-07-11 00:00:00"
"12478","12358","120","2011-07-12 00:00:00"
"12381","12231","150","2011-07-13 00:00:00"
"12175","12027","148","2011-07-14 00:00:00"
"11098","10976","122","2011-07-15 00:00:00"
"5748","5674","74","2011-07-16 00:00:00"
"5604","5525","79","2011-07-17 00:00:00"
"11318","11183","135","2011-07-18 00:00:00"
"12627","12498","129","2011-07-19 00:00:00"
"12240","12112","128","2011-07-20 00:00:00"
"12321","12183","138","2011-07-21 00:00:00"
"11145","11014","131","2011-07-22 00:00:00"
"5723","5648","75","2011-07-23 00:00:00"
"5524","5459","65","2011-07-24 00:00:00"
"11371","11234","137","2011-07-25 00:00:00"
"12123","11985","138","2011-07-26 00:00:00"
"12624","12474","150","2011-07-27 00:00:00"
"12453","12307","146","2011-07-28 00:00:00"
"11158","11034","124","2011-07-29 00:00:00"
"5566","5483","83","2011-07-30 00:00:00"
"5504","5431","73","2011-07-31 00:00:00"
"10922","10798","124","2011-08-01 00:00:00"
"12257","12114","143","2011-08-02 00:00:00"
"12467","12310","157","2011-08-03 00:00:00"
"13167","13025","142","2011-08-04 00:00:00"
"11829","11707","122","2011-08-05 00:00:00"
"4975","4927","48","2011-08-06 00:00:00"
"5830","5745","85","2011-08-07 00:00:00"
"11339","11188","151","2011-08-08 00:00:00"
"12518","12380","138","2011-08-09 00:00:00"
"12855","12717","138","2011-08-10 00:00:00"
"12835","12697","138","2011-08-11 00:00:00"
"11425","11294","131","2011-08-12 00:00:00"
"5632","5562","70","2011-08-13 00:00:00"
"5579","5503","76","2011-08-14 00:00:00"
"10001","9883","118","2011-08-15 00:00:00"
"12357","12228","129","2011-08-16 00:00:00"
"12403","12269","134","2011-08-17 00:00:00"
"12476","12332","144","2011-08-18 00:00:00"
"11157","11009","148","2011-08-19 00:00:00"
"5871","5790","81","2011-08-20 00:00:00"
"5575","5487","88","2011-08-21 00:00:00"
"11110","10974","136","2011-08-22 00:00:00"
"11975","11833","142","2011-08-23 00:00:00"
"12785","12621","164","2011-08-24 00:00:00"
"12724","12574","150","2011-08-25 00:00:00"
"11082","10960","122","2011-08-26 00:00:00"
"5483","5410","73","2011-08-27 00:00:00"
"5708","5633","75","2011-08-28 00:00:00"
"10555","10396","159","2011-08-29 00:00:00"
"11771","11633","138","2011-08-30 00:00:00"
"11833","11701","132","2011-08-31 00:00:00"
"11171","11040","131","2011-09-01 00:00:00"
"10424","10316","108","2011-09-02 00:00:00"
"5274","5199","75","2011-09-03 00:00:00"
"5354","5300","54","2011-09-04 00:00:00"
"9178","9054","124","2011-09-05 00:00:00"
"11699","11553","146","2011-09-06 00:00:00"
"12124","11964","160","2011-09-07 00:00:00"
"11987","11849","138","2011-09-08 00:00:00"
"10832","10703","129","2011-09-09 00:00:00"
"5775","5696","79","2011-09-10 00:00:00"
"5642","5566","76","2011-09-11 00:00:00"
"11126","10979","147","2011-09-12 00:00:00"
"12126","11964","162","2011-09-13 00:00:00"
"12186","12025","161","2011-09-14 00:00:00"
"12105","11943","162","2011-09-15 00:00:00"
"10660","10529","131","2011-09-16 00:00:00"
"5987","5894","93","2011-09-17 00:00:00"
"5531","5444","87","2011-09-18 00:00:00"
"11139","10999","140","2011-09-19 00:00:00"
"12182","12020","162","2011-09-20 00:00:00"
"12570","12414","156","2011-09-21 00:00:00"
"12464","12319","145","2011-09-22 00:00:00"
"11123","10981","142","2011-09-23 00:00:00"
"5715","5654","61","2011-09-24 00:00:00"
"5625","5541","84","2011-09-25 00:00:00"
"11259","11118","141","2011-09-26 00:00:00"
"12013","11873","140","2011-09-27 00:00:00"
"11899","11745","154","2011-09-28 00:00:00"
"11429","11303","126","2011-09-29 00:00:00"
"10683","10541","142","2011-09-30 00:00:00"
"5471","5407","64","2011-10-01 00:00:00"
"5254","5179","75","2011-10-02 00:00:00"
"10072","9953","119","2011-10-03 00:00:00"
"11394","11265","129","2011-10-04 00:00:00"
"11712","11595","117","2011-10-05 00:00:00"
"10928","10834","94","2011-10-06 00:00:00"
"10300","10189","111","2011-10-07 00:00:00"
"5494","5426","68","2011-10-08 00:00:00"
"5758","5684","74","2011-10-09 00:00:00"
"10533","10415","118","2011-10-10 00:00:00"
"11751","11605","146","2011-10-11 00:00:00"
"11934","11787","147","2011-10-12 00:00:00"
"11700","11559","141","2011-10-13 00:00:00"
"10965","10813","152","2011-10-14 00:00:00"
"5650","5592","58","2011-10-15 00:00:00"
"5643","5567","76","2011-10-16 00:00:00"
"10837","10703","134","2011-10-17 00:00:00"
"11943","11807","136","2011-10-18 00:00:00"
"12303","12159","144","2011-10-19 00:00:00"
"11913","11777","136","2011-10-20 00:00:00"
"11102","10983","119","2011-10-21 00:00:00"
"5880","5796","84","2011-10-22 00:00:00"
"5733","5646","87","2011-10-23 00:00:00"
"11188","11070","118","2011-10-24 00:00:00"
"12044","11914","130","2011-10-25 00:00:00"
"11235","11127","108","2011-10-26 00:00:00"
"11597","11475","122","2011-10-27 00:00:00"
"10413","10319","94","2011-10-28 00:00:00"
"5499","5437","62","2011-10-29 00:00:00"
"5350","5271","79","2011-10-30 00:00:00"
"10473","10363","110","2011-10-31 00:00:00"
"11310","11190","120","2011-11-01 00:00:00"
"12347","12209","138","2011-11-02 00:00:00"
"12466","12349","117","2011-11-03 00:00:00"
"11743","11633","110","2011-11-04 00:00:00"
"5974","5900","74","2011-11-05 00:00:00"
"5999","5916","83","2011-11-06 00:00:00"
"11060","10941","119","2011-11-07 00:00:00"
"12198","12063","135","2011-11-08 00:00:00"
"12404","12256","148","2011-11-09 00:00:00"
"12483","12341","142","2011-11-10 00:00:00"
"11300","11169","131","2011-11-11 00:00:00"
"6027","5919","108","2011-11-12 00:00:00"
"6175","6079","96","2011-11-13 00:00:00"
"11906","11756","150","2011-11-14 00:00:00"
"12767","12624","143","2011-11-15 00:00:00"
"13276","13136","140","2011-11-16 00:00:00"
"13423","13276","147","2011-11-17 00:00:00"
"12429","12266","163","2011-11-18 00:00:00"
"6549","6475","74","2011-11-19 00:00:00"
"6382","6300","82","2011-11-20 00:00:00"
"12181","12023","158","2011-11-21 00:00:00"
"13049","12851","198","2011-11-22 00:00:00"
"12886","12725","161","2011-11-23 00:00:00"
"11007","10869","138","2011-11-24 00:00:00"
"9842","9688","154","2011-11-25 00:00:00"
"6199","6121","78","2011-11-26 00:00:00"
"6372","6288","84","2011-11-27 00:00:00"
"11957","11801","156","2011-11-28 00:00:00"
"13100","12973","127","2011-11-29 00:00:00"
"13161","13002","159","2011-11-30 00:00:00"
"13042","12880","162","2011-12-01 00:00:00"
"12152","11982","170","2011-12-02 00:00:00"
"6634","6531","103","2011-12-03 00:00:00"
"6399","6302","97","2011-12-04 00:00:00"
"11835","11674","161","2011-12-05 00:00:00"
"12868","12711","157","2011-12-06 00:00:00"
"13455","13299","156","2011-12-07 00:00:00"
"12803","12609","194","2011-12-08 00:00:00"
"11629","11501","128","2011-12-09 00:00:00"
"6444","6336","108","2011-12-10 00:00:00"
"6456","6369","87","2011-12-11 00:00:00"
"12064","11891","173","2011-12-12 00:00:00"
"13014","12861","153","2011-12-13 00:00:00"
"13228","13090","138","2011-12-14 00:00:00"
"12655","12494","161","2011-12-15 00:00:00"
"11381","11251","130","2011-12-16 00:00:00"
"6185","6118","67","2011-12-17 00:00:00"
"5905","5834","71","2011-12-18 00:00:00"
"11388","11267","121","2011-12-19 00:00:00"
"12276","12138","138","2011-12-20 00:00:00"
"12260","12106","154","2011-12-21 00:00:00"
"11111","10963","148","2011-12-22 00:00:00"
"9073","8973","100","2011-12-23 00:00:00"
"4927","4854","73","2011-12-24 00:00:00"
"3907","3853","54","2011-12-25 00:00:00"
"6466","6405","61","2011-12-26 00:00:00"
"8753","8641","112","2011-12-27 00:00:00"
"10351","10224","127","2011-12-28 00:00:00"
"10398","10268","130","2011-12-29 00:00:00"
"8919","8789","130","2011-12-30 00:00:00"
"5037","4966","71","2011-12-31 00:00:00"
"4519","4466","53","2012-01-01 00:00:00"
"8583","8454","129","2012-01-02 00:00:00"
"11759","11615","144","2012-01-03 00:00:00"
"13197","13042","155","2012-01-04 00:00:00"
"13553","13400","153","2012-01-05 00:00:00"
"12292","12177","115","2012-01-06 00:00:00"
"6941","6849","92","2012-01-07 00:00:00"
"7175","7090","85","2012-01-08 00:00:00"
"12193","12027","166","2012-01-09 00:00:00"
"13172","13012","160","2012-01-10 00:00:00"
"13649","13496","153","2012-01-11 00:00:00"
"13341","13179","162","2012-01-12 00:00:00"
"12505","12367","138","2012-01-13 00:00:00"
"6379","6278","101","2012-01-14 00:00:00"
"6802","6719","83","2012-01-15 00:00:00"
"11448","11330","118","2012-01-16 00:00:00"
"13230","13072","158","2012-01-17 00:00:00"
"13570","13414","156","2012-01-18 00:00:00"
"13528","13364","164","2012-01-19 00:00:00"
"12206","12061","145","2012-01-20 00:00:00"
"7034","6942","92","2012-01-21 00:00:00"
"6880","6800","80","2012-01-22 00:00:00"
"12263","12109","154","2012-01-23 00:00:00"
"13510","13322","188","2012-01-24 00:00:00"
"13692","13542","150","2012-01-25 00:00:00"
"12843","12718","125","2012-01-26 00:00:00"
"12073","11921","152","2012-01-27 00:00:00"
"6848","6756","92","2012-01-28 00:00:00"
"6946","6870","76","2012-01-29 00:00:00"
"12454","12314","140","2012-01-30 00:00:00"
"13826","13663","163","2012-01-31 00:00:00"
"13787","13606","181","2012-02-01 00:00:00"
"14161","13998","163","2012-02-02 00:00:00"
"12986","12843","143","2012-02-03 00:00:00"
"7231","7136","95","2012-02-04 00:00:00"
"7180","7068","112","2012-02-05 00:00:00"
"12655","12505","150","2012-02-06 00:00:00"
"14360","14202","158","2012-02-07 00:00:00"
"14896","14743","153","2012-02-08 00:00:00"
"14787","14633","154","2012-02-09 00:00:00"
"13308","13143","165","2012-02-10 00:00:00"
"7306","7201","105","2012-02-11 00:00:00"
"7500","7406","94","2012-02-12 00:00:00"
"13448","13296","152","2012-02-13 00:00:00"
"13755","13615","140","2012-02-14 00:00:00"
"14857","14717","140","2012-02-15 00:00:00"
"14824","14684","140","2012-02-16 00:00:00"
"13628","13493","135","2012-02-17 00:00:00"
"6943","6869","74","2012-02-18 00:00:00"
"7812","7707","105","2012-02-19 00:00:00"
"13288","13144","144","2012-02-20 00:00:00"
"14428","14282","146","2012-02-21 00:00:00"
"15245","15065","180","2012-02-22 00:00:00"
"15567","15399","168","2012-02-23 00:00:00"
"13816","13667","149","2012-02-24 00:00:00"
"8083","7972","111","2012-02-25 00:00:00"
"7839","7742","97","2012-02-26 00:00:00"
"13425","13234","191","2012-02-27 00:00:00"
"14874","14690","184","2012-02-28 00:00:00"
"14501","14338","163","2012-02-29 00:00:00"
"14866","14716","150","2012-03-01 00:00:00"
"13661","13526","135","2012-03-02 00:00:00"
"7475","7388","87","2012-03-03 00:00:00"
"7700","7607","93","2012-03-04 00:00:00"
"13542","13407","135","2012-03-05 00:00:00"
"15166","14993","173","2012-03-06 00:00:00"
"14668","14494","174","2012-03-07 00:00:00"
"13511","13340","171","2012-03-08 00:00:00"
"13213","13050","163","2012-03-09 00:00:00"
"7377","7279","98","2012-03-10 00:00:00"
"7538","7444","94","2012-03-11 00:00:00"
"13829","13658","171","2012-03-12 00:00:00"
"14902","14761","141","2012-03-13 00:00:00"
"15223","15034","189","2012-03-14 00:00:00"
"15060","14887","173","2012-03-15 00:00:00"
"13518","13370","148","2012-03-16 00:00:00"
"7490","7399","91","2012-03-17 00:00:00"
"7207","7106","101","2012-03-18 00:00:00"
"13813","13660","153","2012-03-19 00:00:00"
"14477","14326","151","2012-03-20 00:00:00"
"15118","14956","162","2012-03-21 00:00:00"
"15064","14905","159","2012-03-22 00:00:00"
"13304","13177","127","2012-03-23 00:00:00"
"7497","7401","96","2012-03-24 00:00:00"
"7017","6935","82","2012-03-25 00:00:00"
"13837","13678","159","2012-03-26 00:00:00"
"15046","14883","163","2012-03-27 00:00:00"
"15078","14931","147","2012-03-28 00:00:00"
"15211","15038","173","2012-03-29 00:00:00"
"13918","13757","161","2012-03-30 00:00:00"
"7569","7491","78","2012-03-31 00:00:00"
"7317","7223","94","2012-04-01 00:00:00"
"13476","13323","153","2012-04-02 00:00:00"
"15078","14908","170","2012-04-03 00:00:00"
"15121","14970","151","2012-04-04 00:00:00"
"14031","13880","151","2012-04-05 00:00:00"
"10784","10675","109","2012-04-06 00:00:00"
"7450","7357","93","2012-04-07 00:00:00"
"6953","6872","81","2012-04-08 00:00:00"
"11665","11508","157","2012-04-09 00:00:00"
"14178","14011","167","2012-04-10 00:00:00"
"14848","14696","152","2012-04-11 00:00:00"
"15120","14958","162","2012-04-12 00:00:00"
"13762","13605","157","2012-04-13 00:00:00"
"7206","7133","73","2012-04-14 00:00:00"
"7482","7394","88","2012-04-15 00:00:00"
"13551","13404","147","2012-04-16 00:00:00"
"14738","14573","165","2012-04-17 00:00:00"
"16045","15889","156","2012-04-18 00:00:00"
"15808","15641","167","2012-04-19 00:00:00"
"13848","13686","162","2012-04-20 00:00:00"
"7675","7578","97","2012-04-21 00:00:00"
"7743","7611","132","2012-04-22 00:00:00"
"14070","13878","192","2012-04-23 00:00:00"
"14938","14752","186","2012-04-24 00:00:00"
"15137","14940","197","2012-04-25 00:00:00"
"14777","14599","178","2012-04-26 00:00:00"
"13706","13557","149","2012-04-27 00:00:00"
"7747","7649","98","2012-04-28 00:00:00"
"7146","7037","109","2012-04-29 00:00:00"
"12551","12413","138","2012-04-30 00:00:00"
"11809","11660","149","2012-05-01 00:00:00"
"14760","14595","165","2012-05-02 00:00:00"
"14795","14617","178","2012-05-03 00:00:00"
"14097","13971","126","2012-05-04 00:00:00"
"7836","7732","104","2012-05-05 00:00:00"
"7000","6922","78","2012-05-06 00:00:00"
"12799","12632","167","2012-05-07 00:00:00"
"14700","14545","155","2012-05-08 00:00:00"
"14710","14533","177","2012-05-09 00:00:00"
"15162","14968","194","2012-05-10 00:00:00"
"13781","13630","151","2012-05-11 00:00:00"
"7064","6948","116","2012-05-12 00:00:00"
"6592","6478","114","2012-05-13 00:00:00"
"13704","13515","189","2012-05-14 00:00:00"
"14963","14778","185","2012-05-15 00:00:00"
"14913","14740","173","2012-05-16 00:00:00"
"14029","13863","166","2012-05-17 00:00:00"
"13406","13258","148","2012-05-18 00:00:00"
"7173","7063","110","2012-05-19 00:00:00"
"7005","6887","118","2012-05-20 00:00:00"
"13248","13052","196","2012-05-21 00:00:00"
"14853","14656","197","2012-05-22 00:00:00"
"15031","14854","177","2012-05-23 00:00:00"
"14512","14324","188","2012-05-24 00:00:00"
"13174","13005","169","2012-05-25 00:00:00"
"6758","6668","90","2012-05-26 00:00:00"
"6346","6238","108","2012-05-27 00:00:00"
"11300","11179","121","2012-05-28 00:00:00"
"14059","13885","174","2012-05-29 00:00:00"
"14829","14651","178","2012-05-30 00:00:00"
"14411","14243","168","2012-05-31 00:00:00"
"13453","13302","151","2012-06-01 00:00:00"
"6870","6765","105","2012-06-02 00:00:00"
"6758","6653","105","2012-06-03 00:00:00"
"12539","12391","148","2012-06-04 00:00:00"
"14038","13858","180","2012-06-05 00:00:00"
"14603","14421","182","2012-06-06 00:00:00"
"14763","14631","132","2012-06-07 00:00:00"
"13333","13180","153","2012-06-08 00:00:00"
"6788","6706","82","2012-06-09 00:00:00"
"6554","6447","107","2012-06-10 00:00:00"
"13178","13009","169","2012-06-11 00:00:00"
"14587","14381","206","2012-06-12 00:00:00"
"15587","15409","178","2012-06-13 00:00:00"
"15058","14874","184","2012-06-14 00:00:00"
"14072","13895","177","2012-06-15 00:00:00"
"6989","6879","110","2012-06-16 00:00:00"
"6600","6492","108","2012-06-17 00:00:00"
"14183","13996","187","2012-06-18 00:00:00"
"15353","15127","226","2012-06-19 00:00:00"
"15581","15367","214","2012-06-20 00:00:00"
"15689","15488","201","2012-06-21 00:00:00"
"14264","14114","150","2012-06-22 00:00:00"
"6985","6901","84","2012-06-23 00:00:00"
"6853","6753","100","2012-06-24 00:00:00"
"14072","13887","185","2012-06-25 00:00:00"
"15691","15450","241","2012-06-26 00:00:00"
"15823","15639","184","2012-06-27 00:00:00"
"15170","14981","189","2012-06-28 00:00:00"
"13288","13121","167","2012-06-29 00:00:00"
"6905","6808","97","2012-06-30 00:00:00"
"6684","6583","101","2012-07-01 00:00:00"
"13606","13428","178","2012-07-02 00:00:00"
"15163","14962","201","2012-07-03 00:00:00"
"13017","12853","164","2012-07-04 00:00:00"
"14806","14641","165","2012-07-05 00:00:00"
"14327","14153","174","2012-07-06 00:00:00"
"7223","7120","103","2012-07-07 00:00:00"
"6823","6727","96","2012-07-08 00:00:00"
"14387","14176","211","2012-07-09 00:00:00"
"15796","15597","199","2012-07-10 00:00:00"
"16437","16232","205","2012-07-11 00:00:00"
"16043","15803","240","2012-07-12 00:00:00"
"14525","14289","236","2012-07-13 00:00:00"
"7067","6922","145","2012-07-14 00:00:00"
"6940","6807","133","2012-07-15 00:00:00"
"14790","14545","245","2012-07-16 00:00:00"
"15192","14957","235","2012-07-17 00:00:00"
"16337","16098","239","2012-07-18 00:00:00"
"15952","15726","226","2012-07-19 00:00:00"
"14520","14308","212","2012-07-20 00:00:00"
"6963","6840","123","2012-07-21 00:00:00"
"6978","6868","110","2012-07-22 00:00:00"
"14507","14286","221","2012-07-23 00:00:00"
"15801","15587","214","2012-07-24 00:00:00"
"16281","15993","288","2012-07-25 00:00:00"
"16172","15922","250","2012-07-26 00:00:00"
"14675","14473","202","2012-07-27 00:00:00"
"7235","7125","110","2012-07-28 00:00:00"
"7049","6916","133","2012-07-29 00:00:00"
"14593","14395","198","2012-07-30 00:00:00"
"16315","16117","198","2012-07-31 00:00:00"
"15531","15297","234","2012-08-01 00:00:00"
"15403","15220","183","2012-08-02 00:00:00"
"14546","14368","178","2012-08-03 00:00:00"
"6807","6698","109","2012-08-04 00:00:00"
"6900","6774","126","2012-08-05 00:00:00"
"13805","13617","188","2012-08-06 00:00:00"
"15328","15142","186","2012-08-07 00:00:00"
"16071","15842","229","2012-08-08 00:00:00"
"15641","15442","199","2012-08-09 00:00:00"
"14293","14080","213","2012-08-10 00:00:00"
"6590","6482","108","2012-08-11 00:00:00"
"6863","6748","115","2012-08-12 00:00:00"
"14251","14028","223","2012-08-13 00:00:00"
"15568","15321","247","2012-08-14 00:00:00"
"13915","13707","208","2012-08-15 00:00:00"
"15133","14928","205","2012-08-16 00:00:00"
"13844","13652","192","2012-08-17 00:00:00"
"7259","7126","133","2012-08-18 00:00:00"
"6504","6379","125","2012-08-19 00:00:00"
"13391","13180","211","2012-08-20 00:00:00"
"14966","14752","214","2012-08-21 00:00:00"
"15328","15114","214","2012-08-22 00:00:00"
"15483","15245","238","2012-08-23 00:00:00"
"13780","13587","193","2012-08-24 00:00:00"
"7161","7034","127","2012-08-25 00:00:00"
"6956","6847","109","2012-08-26 00:00:00"
"13637","13421","216","2012-08-27 00:00:00"
"15067","14824","243","2012-08-28 00:00:00"
"15803","15560","243","2012-08-29 00:00:00"
"16047","15815","232","2012-08-30 00:00:00"
"13982","13775","207","2012-08-31 00:00:00"
"7069","6937","132","2012-09-01 00:00:00"
"6876","6743","133","2012-09-02 00:00:00"
"12036","11809","227","2012-09-03 00:00:00"
"14669","14395","274","2012-09-04 00:00:00"
"15348","15075","273","2012-09-05 00:00:00"
"15639","15373","266","2012-09-06 00:00:00"
"14127","13874","253","2012-09-07 00:00:00"
"7171","7001","170","2012-09-08 00:00:00"
"7094","6956","138","2012-09-09 00:00:00"
"14168","13883","285","2012-09-10 00:00:00"
"15400","15120","280","2012-09-11 00:00:00"
"15039","14806","233","2012-09-12 00:00:00"
"15700","15413","287","2012-09-13 00:00:00"
"14043","13780","263","2012-09-14 00:00:00"
"6598","6477","121","2012-09-15 00:00:00"
"6879","6727","152","2012-09-16 00:00:00"
"14191","13965","226","2012-09-17 00:00:00"
"15046","14760","286","2012-09-18 00:00:00"
"14777","14490","287","2012-09-19 00:00:00"
"15121","14862","259","2012-09-20 00:00:00"
"14135","13813","322","2012-09-21 00:00:00"
"7519","7314","205","2012-09-22 00:00:00"
"7132","6948","184","2012-09-23 00:00:00"
"14306","13968","338","2012-09-24 00:00:00"
"15197","14897","300","2012-09-25 00:00:00"
"16160","15824","336","2012-09-26 00:00:00"
"16395","16103","292","2012-09-27 00:00:00"
"14130","13800","330","2012-09-28 00:00:00"
"7156","6953","203","2012-09-29 00:00:00"
"7017","6826","191","2012-09-30 00:00:00"
"13747","13426","321","2012-10-01 00:00:00"
"14650","14291","359","2012-10-02 00:00:00"
"15310","14956","354","2012-10-03 00:00:00"
"15857","15436","421","2012-10-04 00:00:00"
"14710","14330","380","2012-10-05 00:00:00"
"7861","7630","231","2012-10-06 00:00:00"
"7404","7193","211","2012-10-07 00:00:00"
"14012","13620","392","2012-10-08 00:00:00"
"15702","15252","450","2012-10-09 00:00:00"
"16598","16163","435","2012-10-10 00:00:00"
"16760","16337","423","2012-10-11 00:00:00"
"15205","14832","373","2012-10-12 00:00:00"
"7843","7648","195","2012-10-13 00:00:00"
"7858","7615","243","2012-10-14 00:00:00"
"14862","14424","438","2012-10-15 00:00:00"
"16282","15926","356","2012-10-16 00:00:00"
"16742","16352","390","2012-10-17 00:00:00"
"16818","16420","398","2012-10-18 00:00:00"
"15433","15092","341","2012-10-19 00:00:00"
"8097","7916","181","2012-10-20 00:00:00"
"8088","7900","188","2012-10-21 00:00:00"
"15287","14913","374","2012-10-22 00:00:00"
"16168","15814","354","2012-10-23 00:00:00"
"15549","15180","369","2012-10-24 00:00:00"
"16262","15857","405","2012-10-25 00:00:00"
"14080","13726","354","2012-10-26 00:00:00"
"7759","7527","232","2012-10-27 00:00:00"
"7470","7261","209","2012-10-28 00:00:00"
"14164","13855","309","2012-10-29 00:00:00"
"14826","14488","338","2012-10-30 00:00:00"
"15668","15330","338","2012-10-31 00:00:00"
"15134","14768","366","2012-11-01 00:00:00"
"14425","14043","382","2012-11-02 00:00:00"
"8262","8070","192","2012-11-03 00:00:00"
"7968","7738","230","2012-11-04 00:00:00"
"15056","14683","373","2012-11-05 00:00:00"
"15723","15377","346","2012-11-06 00:00:00"
"15741","15380","361","2012-11-07 00:00:00"
"16346","16023","323","2012-11-08 00:00:00"
"14715","14376","339","2012-11-09 00:00:00"
"7853","7673","180","2012-11-10 00:00:00"
"7861","7639","222","2012-11-11 00:00:00"
"14008","13685","323","2012-11-12 00:00:00"
"14600","14307","293","2012-11-13 00:00:00"
"15696","15397","299","2012-11-14 00:00:00"
"15982","15674","308","2012-11-15 00:00:00"
"14844","14584","260","2012-11-16 00:00:00"
"8139","7975","164","2012-11-17 00:00:00"
"8188","7990","198","2012-11-18 00:00:00"
"15603","15316","287","2012-11-19 00:00:00"
"16504","16159","345","2012-11-20 00:00:00"
"16454","16132","322","2012-11-21 00:00:00"
"14594","14304","290","2012-11-22 00:00:00"
"12846","12584","262","2012-11-23 00:00:00"
"8124","7929","195","2012-11-24 00:00:00"
"8318","8105","213","2012-11-25 00:00:00"
"15206","14923","283","2012-11-26 00:00:00"
"16659","16320","339","2012-11-27 00:00:00"
"17604","17255","349","2012-11-28 00:00:00"
"16963","16669","294","2012-11-29 00:00:00"
"15011","14717","294","2012-11-30 00:00:00"
"8327","8114","213","2012-12-01 00:00:00"
"8548","8334","214","2012-12-02 00:00:00"
"15266","14967","299","2012-12-03 00:00:00"
"16755","16429","326","2012-12-04 00:00:00"
"17251","16940","311","2012-12-05 00:00:00"
"16638","16288","350","2012-12-06 00:00:00"
"15035","14688","347","2012-12-07 00:00:00"
"8515","8323","192","2012-12-08 00:00:00"
"8305","8095","210","2012-12-09 00:00:00"
"14977","14659","318","2012-12-10 00:00:00"
"16016","15697","319","2012-12-11 00:00:00"
"16888","16555","333","2012-12-12 00:00:00"
"16516","16202","314","2012-12-13 00:00:00"
"14201","13878","323","2012-12-14 00:00:00"
"7671","7468","203","2012-12-15 00:00:00"
"7653","7432","221","2012-12-16 00:00:00"
"14324","13983","341","2012-12-17 00:00:00"
"15825","15466","359","2012-12-18 00:00:00"
"16573","16152","421","2012-12-19 00:00:00"
"15801","15422","379","2012-12-20 00:00:00"
"13525","13226","299","2012-12-21 00:00:00"
"7257","7071","186","2012-12-22 00:00:00"
"6586","6373","213","2012-12-23 00:00:00"
"8972","8716","256","2012-12-24 00:00:00"
"6693","6515","178","2012-12-25 00:00:00"
"10472","10226","246","2012-12-26 00:00:00"
"12542","12239","303","2012-12-27 00:00:00"
"11884","11592","292","2012-12-28 00:00:00"
"7995","7745","250","2012-12-29 00:00:00"
"7297","7088","209","2012-12-30 00:00:00"
"8978","8716","262","2012-12-31 00:00:00"
"7019","6786","233","2013-01-01 00:00:00"
"12879","12540","339","2013-01-02 00:00:00"
"14879","14511","368","2013-01-03 00:00:00"
"14626","14296","330","2013-01-04 00:00:00"
"8860","8621","239","2013-01-05 00:00:00"
"8416","8163","253","2013-01-06 00:00:00"
"14882","14545","337","2013-01-07 00:00:00"
"16531","16100","431","2013-01-08 00:00:00"
"16837","16472","365","2013-01-09 00:00:00"
"17046","16689","357","2013-01-10 00:00:00"
"15958","15631","327","2013-01-11 00:00:00"
"8780","8525","255","2013-01-12 00:00:00"
"8490","8221","269","2013-01-13 00:00:00"
"14329","14006","323","2013-01-14 00:00:00"
"16742","16378","364","2013-01-15 00:00:00"
"17258","16859","399","2013-01-16 00:00:00"
"16733","16370","363","2013-01-17 00:00:00"
"15874","15507","367","2013-01-18 00:00:00"
"8626","8358","268","2013-01-19 00:00:00"
"8509","8288","221","2013-01-20 00:00:00"
"15132","14809","323","2013-01-21 00:00:00"
"17283","16936","347","2013-01-22 00:00:00"
"17655","17247","408","2013-01-23 00:00:00"
"17736","17405","331","2013-01-24 00:00:00"
"15798","15446","352","2013-01-25 00:00:00"
"8810","8609","201","2013-01-26 00:00:00"
"8850","8611","239","2013-01-27 00:00:00"
"16178","15827","351","2013-01-28 00:00:00"
"17188","16823","365","2013-01-29 00:00:00"
"17941","17596","345","2013-01-30 00:00:00"
"17505","17169","336","2013-01-31 00:00:00"
"16264","15906","358","2013-02-01 00:00:00"
"8848","8621","227","2013-02-02 00:00:00"
"8909","8685","224","2013-02-03 00:00:00"
"15783","15452","331","2013-02-04 00:00:00"
"17542","17202","340","2013-02-05 00:00:00"
"18037","17649","388","2013-02-06 00:00:00"
"18266","17895","371","2013-02-07 00:00:00"
"16491","16182","309","2013-02-08 00:00:00"
"7966","7803","163","2013-02-09 00:00:00"
"9047","8855","192","2013-02-10 00:00:00"
"15666","15344","322","2013-02-11 00:00:00"
"17179","16831","348","2013-02-12 00:00:00"
"17614","17266","348","2013-02-13 00:00:00"
"17052","16726","326","2013-02-14 00:00:00"
"15697","15377","320","2013-02-15 00:00:00"
"9130","8910","220","2013-02-16 00:00:00"
"8965","8750","215","2013-02-17 00:00:00"
"16203","15854","349","2013-02-18 00:00:00"
"18330","17971","359","2013-02-19 00:00:00"
"18371","18068","303","2013-02-20 00:00:00"
"18307","17937","370","2013-02-21 00:00:00"
"17081","16752","329","2013-02-22 00:00:00"
"9691","9465","226","2013-02-23 00:00:00"
"8934","8724","210","2013-02-24 00:00:00"
"16854","16512","342","2013-02-25 00:00:00"
"18645","18221","424","2013-02-26 00:00:00"
"18906","18498","408","2013-02-27 00:00:00"
"18912","18529","383","2013-02-28 00:00:00"
"17006","16572","434","2013-03-01 00:00:00"
"9612","9355","257","2013-03-02 00:00:00"
"9363","9111","252","2013-03-03 00:00:00"
"16980","16578","402","2013-03-04 00:00:00"
"18723","18300","423","2013-03-05 00:00:00"
"19656","19195","461","2013-03-06 00:00:00"
"19290","18865","425","2013-03-07 00:00:00"
"17113","16728","385","2013-03-08 00:00:00"
"9547","9307","240","2013-03-09 00:00:00"
"9579","9330","249","2013-03-10 00:00:00"
"17461","17081","380","2013-03-11 00:00:00"
"19300","18834","466","2013-03-12 00:00:00"
"19534","19104","430","2013-03-13 00:00:00"
"19220","18797","423","2013-03-14 00:00:00"
"17469","17089","380","2013-03-15 00:00:00"
"9768","9493","275","2013-03-16 00:00:00"
"9314","9040","274","2013-03-17 00:00:00"
"17166","16768","398","2013-03-18 00:00:00"
"19078","18650","428","2013-03-19 00:00:00"
"19523","19075","448","2013-03-20 00:00:00"
"18858","18408","450","2013-03-21 00:00:00"
"17171","16787","384","2013-03-22 00:00:00"
"9431","9207","224","2013-03-23 00:00:00"
"9642","9384","258","2013-03-24 00:00:00"
"17165","16797","368","2013-03-25 00:00:00"
"18306","17897","409","2013-03-26 00:00:00"
"18052","17667","385","2013-03-27 00:00:00"
"18201","17811","390","2013-03-28 00:00:00"
"14520","14121","399","2013-03-29 00:00:00"
"9125","8880","245","2013-03-30 00:00:00"
"8912","8644","268","2013-03-31 00:00:00"
"14123","13763","360","2013-04-01 00:00:00"
"18327","17882","445","2013-04-02 00:00:00"
"19119","18702","417","2013-04-03 00:00:00"
"18777","18351","426","2013-04-04 00:00:00"
"17449","17034","415","2013-04-05 00:00:00"
"9517","9295","222","2013-04-06 00:00:00"
"9562","9300","262","2013-04-07 00:00:00"
"17492","17056","436","2013-04-08 00:00:00"
"18984","18523","461","2013-04-09 00:00:00"
"19240","18813","427","2013-04-10 00:00:00"
"17899","17559","340","2013-04-11 00:00:00"
"17452","17091","361","2013-04-12 00:00:00"
"9258","9009","249","2013-04-13 00:00:00"
"9335","9100","235","2013-04-14 00:00:00"
"16623","16245","378","2013-04-15 00:00:00"
"18208","17812","396","2013-04-16 00:00:00"
"18678","18341","337","2013-04-17 00:00:00"
"18451","18071","380","2013-04-18 00:00:00"
"16424","16103","321","2013-04-19 00:00:00"
"9300","9104","196","2013-04-20 00:00:00"
"8873","8691","182","2013-04-21 00:00:00"
"17007","16688","319","2013-04-22 00:00:00"
"18179","17841","338","2013-04-23 00:00:00"
"18757","18414","343","2013-04-24 00:00:00"
"18241","17910","331","2013-04-25 00:00:00"
"16430","16090","340","2013-04-26 00:00:00"
"8977","8743","234","2013-04-27 00:00:00"
"9105","8880","225","2013-04-28 00:00:00"
"16761","16449","312","2013-04-29 00:00:00"
"16729","16429","300","2013-04-30 00:00:00"
"14175","13874","301","2013-05-01 00:00:00"
"17248","16923","325","2013-05-02 00:00:00"
"15894","15534","360","2013-05-03 00:00:00"
"8687","8464","223","2013-05-04 00:00:00"
"8275","8069","206","2013-05-05 00:00:00"
"15109","14761","348","2013-05-06 00:00:00"
"17280","16894","386","2013-05-07 00:00:00"
"17513","17163","350","2013-05-08 00:00:00"
"16799","16448","351","2013-05-09 00:00:00"
"15518","15144","374","2013-05-10 00:00:00"
"8370","8150","220","2013-05-11 00:00:00"
"8336","8128","208","2013-05-12 00:00:00"
"15915","15575","340","2013-05-13 00:00:00"
"17498","17104","394","2013-05-14 00:00:00"
"18020","17689","331","2013-05-15 00:00:00"
"18131","17748","383","2013-05-16 00:00:00"
"16193","15846","347","2013-05-17 00:00:00"
"8740","8478","262","2013-05-18 00:00:00"
"8447","8230","217","2013-05-19 00:00:00"
"15439","15044","395","2013-05-20 00:00:00"
"17390","17012","378","2013-05-21 00:00:00"
"17815","17457","358","2013-05-22 00:00:00"
"18075","17691","384","2013-05-23 00:00:00"
"15654","15317","337","2013-05-24 00:00:00"
"7880","7642","238","2013-05-25 00:00:00"
"7823","7608","215","2013-05-26 00:00:00"
"13897","13591","306","2013-05-27 00:00:00"
"17337","16964","373","2013-05-28 00:00:00"
"18266","17897","369","2013-05-29 00:00:00"
"17766","17408","358","2013-05-30 00:00:00"
"16219","15824","395","2013-05-31 00:00:00"
"8682","8445","237","2013-06-01 00:00:00"
"7982","7770","212","2013-06-02 00:00:00"
"15382","15026","356","2013-06-03 00:00:00"
"17478","17095","383","2013-06-04 00:00:00"
"18038","17686","352","2013-06-05 00:00:00"
"18085","17720","365","2013-06-06 00:00:00"
"16557","16238","319","2013-06-07 00:00:00"
"8441","8220","221","2013-06-08 00:00:00"
"8210","7977","233","2013-06-09 00:00:00"
"15408","15019","389","2013-06-10 00:00:00"
"16977","16592","385","2013-06-11 00:00:00"
"17298","16928","370","2013-06-12 00:00:00"
"17569","17204","365","2013-06-13 00:00:00"
"15789","15425","364","2013-06-14 00:00:00"
"8041","7808","233","2013-06-15 00:00:00"
"7780","7579","201","2013-06-16 00:00:00"
"15917","15581","336","2013-06-17 00:00:00"
"17858","17448","410","2013-06-18 00:00:00"
"18066","17675","391","2013-06-19 00:00:00"
"18143","17778","365","2013-06-20 00:00:00"
"16244","15893","351","2013-06-21 00:00:00"
"8399","8175","224","2013-06-22 00:00:00"
"7951","7744","207","2013-06-23 00:00:00"
"16571","16216","355","2013-06-24 00:00:00"
"18133","17705","428","2013-06-25 00:00:00"
"18397","18042","355","2013-06-26 00:00:00"
"18434","18078","356","2013-06-27 00:00:00"
"16228","15899","329","2013-06-28 00:00:00"
"8306","8092","214","2013-06-29 00:00:00"
"8119","7921","198","2013-06-30 00:00:00"
"15550","15221","329","2013-07-01 00:00:00"
"17882","17543","339","2013-07-02 00:00:00"
"18097","17728","369","2013-07-03 00:00:00"
"15699","15440","259","2013-07-04 00:00:00"
"15388","15075","313","2013-07-05 00:00:00"
"7734","7545","189","2013-07-06 00:00:00"
"7469","7265","204","2013-07-07 00:00:00"
"16221","15880","341","2013-07-08 00:00:00"
"18236","17860","376","2013-07-09 00:00:00"
"18309","17961","348","2013-07-10 00:00:00"
"18162","17756","406","2013-07-11 00:00:00"
"16314","16002","312","2013-07-12 00:00:00"
"7693","7515","178","2013-07-13 00:00:00"
"7706","7543","163","2013-07-14 00:00:00"
"16803","16470","333","2013-07-15 00:00:00"
"18595","18250","345","2013-07-16 00:00:00"
"18915","18568","347","2013-07-17 00:00:00"
"18971","18653","318","2013-07-18 00:00:00"
"17191","16848","343","2013-07-19 00:00:00"
"8449","8262","187","2013-07-20 00:00:00"
"8257","8092","165","2013-07-21 00:00:00"
"17097","16784","313","2013-07-22 00:00:00"
"19158","18790","368","2013-07-23 00:00:00"
"19452","19131","321","2013-07-24 00:00:00"
"19511","19170","341","2013-07-25 00:00:00"
"17875","17520","355","2013-07-26 00:00:00"
"8677","8477","200","2013-07-27 00:00:00"
"8567","8359","208","2013-07-28 00:00:00"
"17770","17436","334","2013-07-29 00:00:00"
"18846","18470","376","2013-07-30 00:00:00"
"19321","18950","371","2013-07-31 00:00:00"
"19276","18948","328","2013-08-01 00:00:00"
"17422","17108","314","2013-08-02 00:00:00"
"8497","8300","197","2013-08-03 00:00:00"
"8428","8245","183","2013-08-04 00:00:00"
"16771","16429","342","2013-08-05 00:00:00"
"18358","18005","353","2013-08-06 00:00:00"
"19062","18699","363","2013-08-07 00:00:00"
"18325","17937","388","2013-08-08 00:00:00"
"15592","15276","316","2013-08-09 00:00:00"
"8089","7899","190","2013-08-10 00:00:00"
"8328","8151","177","2013-08-11 00:00:00"
"16751","16399","352","2013-08-12 00:00:00"
"18424","18039","385","2013-08-13 00:00:00"
"18851","18468","383","2013-08-14 00:00:00"
"15926","15580","346","2013-08-15 00:00:00"
"16150","15825","325","2013-08-16 00:00:00"
"8484","8313","171","2013-08-17 00:00:00"
"8264","8084","180","2013-08-18 00:00:00"
"16126","15753","373","2013-08-19 00:00:00"
"17689","17367","322","2013-08-20 00:00:00"
"18421","18083","338","2013-08-21 00:00:00"
"18752","18416","336","2013-08-22 00:00:00"
"17035","16709","326","2013-08-23 00:00:00"
"8648","8468","180","2013-08-24 00:00:00"
"8448","8267","181","2013-08-25 00:00:00"
"16091","15757","334","2013-08-26 00:00:00"
"17942","17625","317","2013-08-27 00:00:00"
"18466","18096","370","2013-08-28 00:00:00"
"18322","17995","327","2013-08-29 00:00:00"
"16184","15859","325","2013-08-30 00:00:00"
"8550","8354","196","2013-08-31 00:00:00"
"8167","7977","190","2013-09-01 00:00:00"
"14473","14160","313","2013-09-02 00:00:00"
"16922","16608","314","2013-09-03 00:00:00"
"18058","17732","326","2013-09-04 00:00:00"
"17936","17591","345","2013-09-05 00:00:00"
"16574","16282","292","2013-09-06 00:00:00"
"8625","8432","193","2013-09-07 00:00:00"
"8570","8351","219","2013-09-08 00:00:00"
"15349","15049","300","2013-09-09 00:00:00"
"17634","17328","306","2013-09-10 00:00:00"
"18104","17764","340","2013-09-11 00:00:00"
"18526","18227","299","2013-09-12 00:00:00"
"16885","16580","305","2013-09-13 00:00:00"
"8432","8241","191","2013-09-14 00:00:00"
"8941","8766","175","2013-09-15 00:00:00"
"16539","16225","314","2013-09-16 00:00:00"
"18252","17888","364","2013-09-17 00:00:00"
"18295","17953","342","2013-09-18 00:00:00"
"18309","17974","335","2013-09-19 00:00:00"
"16795","16480","315","2013-09-20 00:00:00"
"9014","8837","177","2013-09-21 00:00:00"
"8796","8587","209","2013-09-22 00:00:00"
"16643","16316","327","2013-09-23 00:00:00"
"18910","18536","374","2013-09-24 00:00:00"
"18677","18361","316","2013-09-25 00:00:00"
"19021","18656","365","2013-09-26 00:00:00"
"17082","16751","331","2013-09-27 00:00:00"
"8896","8703","193","2013-09-28 00:00:00"
"9272","9046","226","2013-09-29 00:00:00"
"16821","16451","370","2013-09-30 00:00:00"
"17946","17570","376","2013-10-01 00:00:00"
"16760","16430","330","2013-10-02 00:00:00"
"18072","17748","324","2013-10-03 00:00:00"
"17338","16994","344","2013-10-04 00:00:00"
"9073","8877","196","2013-10-05 00:00:00"
"9192","9023","169","2013-10-06 00:00:00"
"17324","17034","290","2013-10-07 00:00:00"
"19267","18954","313","2013-10-08 00:00:00"
"19635","19302","333","2013-10-09 00:00:00"
"18811","18460","351","2013-10-10 00:00:00"
"16833","16485","348","2013-10-11 00:00:00"
"9107","8904","203","2013-10-12 00:00:00"
"9033","8765","268","2013-10-13 00:00:00"
"15718","15361","357","2013-10-14 00:00:00"
"17742","17372","370","2013-10-15 00:00:00"
"18429","18116","313","2013-10-16 00:00:00"
"18710","18402","308","2013-10-17 00:00:00"
"17332","16981","351","2013-10-18 00:00:00"
"9382","9183","199","2013-10-19 00:00:00"
"9476","9276","200","2013-10-20 00:00:00"
"18159","17807","352","2013-10-21 00:00:00"
"19282","18912","370","2013-10-22 00:00:00"
"19346","19014","332","2013-10-23 00:00:00"
"19737","19386","351","2013-10-24 00:00:00"
"18266","17920","346","2013-10-25 00:00:00"
"9543","9347","196","2013-10-26 00:00:00"
"9557","9343","214","2013-10-27 00:00:00"
"17701","17363","338","2013-10-28 00:00:00"
"19522","19193","329","2013-10-29 00:00:00"
"19121","18782","339","2013-10-30 00:00:00"
"18293","17959","334","2013-10-31 00:00:00"
"15262","14981","281","2013-11-01 00:00:00"
"8706","8515","191","2013-11-02 00:00:00"
"9196","8989","207","2013-11-03 00:00:00"
"16058","15774","284","2013-11-04 00:00:00"
"17606","17311","295","2013-11-05 00:00:00"
"19386","19042","344","2013-11-06 00:00:00"
"19236","18923","313","2013-11-07 00:00:00"
"17296","16995","301","2013-11-08 00:00:00"
"9626","9442","184","2013-11-09 00:00:00"
"9677","9479","198","2013-11-10 00:00:00"
"17355","17062","293","2013-11-11 00:00:00"
"19405","19059","346","2013-11-12 00:00:00"
"19719","19350","369","2013-11-13 00:00:00"
"19378","19028","350","2013-11-14 00:00:00"
"17705","17365","340","2013-11-15 00:00:00"
"10095","9880","215","2013-11-16 00:00:00"
"9877","9651","226","2013-11-17 00:00:00"
"18156","17821","335","2013-11-18 00:00:00"
"19606","19242","364","2013-11-19 00:00:00"
"19994","19582","412","2013-11-20 00:00:00"
"19672","19262","410","2013-11-21 00:00:00"
"17972","17623","349","2013-11-22 00:00:00"
"10113","9858","255","2013-11-23 00:00:00"
"9760","9544","216","2013-11-24 00:00:00"
"17775","17394","381","2013-11-25 00:00:00"
"19649","19266","383","2013-11-26 00:00:00"
"19208","18835","373","2013-11-27 00:00:00"
"16707","16348","359","2013-11-28 00:00:00"
"14788","14462","326","2013-11-29 00:00:00"
"9607","9386","221","2013-11-30 00:00:00"
"9233","8998","235","2013-12-01 00:00:00"
"17203","16791","412","2013-12-02 00:00:00"
"19125","18726","399","2013-12-03 00:00:00"
"19672","19251","421","2013-12-04 00:00:00"
"19933","19509","424","2013-12-05 00:00:00"
"18116","17709","407","2013-12-06 00:00:00"
"9992","9731","261","2013-12-07 00:00:00"
"10059","9814","245","2013-12-08 00:00:00"
"18062","17639","423","2013-12-09 00:00:00"
"19858","19449","409","2013-12-10 00:00:00"
"19893","19457","436","2013-12-11 00:00:00"
"19599","19164","435","2013-12-12 00:00:00"
"17088","16739","349","2013-12-13 00:00:00"
"9221","8971","250","2013-12-14 00:00:00"
"9318","9040","278","2013-12-15 00:00:00"
"17572","17105","467","2013-12-16 00:00:00"
"19172","18699","473","2013-12-17 00:00:00"
"19313","18826","487","2013-12-18 00:00:00"
"18545","18095","450","2013-12-19 00:00:00"
"15792","15415","377","2013-12-20 00:00:00"
"8697","8449","248","2013-12-21 00:00:00"
"8472","8214","258","2013-12-22 00:00:00"
"13870","13532","338","2013-12-23 00:00:00"
"11803","11460","343","2013-12-24 00:00:00"
"7758","7513","245","2013-12-25 00:00:00"
"12063","11761","302","2013-12-26 00:00:00"
"13289","12938","351","2013-12-27 00:00:00"
"8894","8665","229","2013-12-28 00:00:00"
"8621","8405","216","2013-12-29 00:00:00"
"14433","14073","360","2013-12-30 00:00:00"
"11994","11697","297","2013-12-31 00:00:00"
"8078","7883","195","2014-01-01 00:00:00"
"15828","15459","369","2014-01-02 00:00:00"
"16803","16356","447","2014-01-03 00:00:00"
"10702","10425","277","2014-01-04 00:00:00"
"9896","9648","248","2014-01-05 00:00:00"
"16713","16305","408","2014-01-06 00:00:00"
"18536","18170","366","2014-01-07 00:00:00"
"20021","19624","397","2014-01-08 00:00:00"
"19916","19522","394","2014-01-09 00:00:00"
"18667","18272","395","2014-01-10 00:00:00"
"10288","10054","234","2014-01-11 00:00:00"
"9974","9754","220","2014-01-12 00:00:00"
"17585","17233","352","2014-01-13 00:00:00"
"18635","18287","348","2014-01-14 00:00:00"
"19657","19315","342","2014-01-15 00:00:00"
"19707","19348","359","2014-01-16 00:00:00"
"18597","18252","345","2014-01-17 00:00:00"
"10482","10245","237","2014-01-18 00:00:00"
"10184","9947","237","2014-01-19 00:00:00"
"17826","17451","375","2014-01-20 00:00:00"
"20041","19634","407","2014-01-21 00:00:00"
"20356","19947","409","2014-01-22 00:00:00"
"20522","20092","430","2014-01-23 00:00:00"
"18473","18086","387","2014-01-24 00:00:00"
"10557","10350","207","2014-01-25 00:00:00"
"10460","10206","254","2014-01-26 00:00:00"
"18841","18461","380","2014-01-27 00:00:00"
"20504","20108","396","2014-01-28 00:00:00"
"21078","20700","378","2014-01-29 00:00:00"
"20003","19631","372","2014-01-30 00:00:00"
"18147","17777","370","2014-01-31 00:00:00"
"10336","10115","221","2014-02-01 00:00:00"
"10043","9821","222","2014-02-02 00:00:00"
"18066","17671","395","2014-02-03 00:00:00"
"20183","19798","385","2014-02-04 00:00:00"
"20367","19989","378","2014-02-05 00:00:00"
"20516","20107","409","2014-02-06 00:00:00"
"18775","18428","347","2014-02-07 00:00:00"
"10697","10479","218","2014-02-08 00:00:00"
"10753","10518","235","2014-02-09 00:00:00"
"18992","18540","452","2014-02-10 00:00:00"
"20584","20138","446","2014-02-11 00:00:00"
"21627","21195","432","2014-02-12 00:00:00"
"20635","20227","408","2014-02-13 00:00:00"
"18851","18436","415","2014-02-14 00:00:00"
"10972","10720","252","2014-02-15 00:00:00"
"10539","10234","305","2014-02-16 00:00:00"
"18551","18129","422","2014-02-17 00:00:00"
"21448","20969","479","2014-02-18 00:00:00"
"22053","21544","509","2014-02-19 00:00:00"
"21975","21449","526","2014-02-20 00:00:00"
"20351","19930","421","2014-02-21 00:00:00"
"11736","11433","303","2014-02-22 00:00:00"
"11373","11078","295","2014-02-23 00:00:00"
"20350","19891","459","2014-02-24 00:00:00"
"21779","21311","468","2014-02-25 00:00:00"
"22077","21636","441","2014-02-26 00:00:00"
"22271","21944","327","2014-02-27 00:00:00"
"20387","20101","286","2014-02-28 00:00:00"
"11190","11003","187","2014-03-01 00:00:00"
"10728","10534","194","2014-03-02 00:00:00"
"19233","18940","293","2014-03-03 00:00:00"
"20697","20401","296","2014-03-04 00:00:00"
"21532","21229","303","2014-03-05 00:00:00"
"21789","21516","273","2014-03-06 00:00:00"
"19725","19442","283","2014-03-07 00:00:00"
"11016","10852","164","2014-03-08 00:00:00"
"10624","10425","199","2014-03-09 00:00:00"
"19357","19077","280","2014-03-10 00:00:00"
"20647","20365","282","2014-03-11 00:00:00"
"21977","21684","293","2014-03-12 00:00:00"
"22068","21797","271","2014-03-13 00:00:00"
"19840","19578","262","2014-03-14 00:00:00"
"10718","10576","142","2014-03-15 00:00:00"
"10714","10543","171","2014-03-16 00:00:00"
"18583","18329","254","2014-03-17 00:00:00"
"20842","20565","277","2014-03-18 00:00:00"
"21842","21579","263","2014-03-19 00:00:00"
"21603","21339","264","2014-03-20 00:00:00"
"19392","19144","248","2014-03-21 00:00:00"
"10927","10764","163","2014-03-22 00:00:00"
"10759","10610","149","2014-03-23 00:00:00"
"19481","19226","255","2014-03-24 00:00:00"
"20767","20493","274","2014-03-25 00:00:00"
"21531","21223","308","2014-03-26 00:00:00"
"21040","20769","271","2014-03-27 00:00:00"
"19006","18749","257","2014-03-28 00:00:00"
"10652","10502","150","2014-03-29 00:00:00"
"10346","10182","164","2014-03-30 00:00:00"
"18469","18240","229","2014-03-31 00:00:00"
"19941","19668","273","2014-04-01 00:00:00"
"21153","20891","262","2014-04-02 00:00:00"
"20930","20679","251","2014-04-03 00:00:00"
"19061","18816","245","2014-04-04 00:00:00"
"10694","10515","179","2014-04-05 00:00:00"
"10529","10358","171","2014-04-06 00:00:00"
"18966","18697","269","2014-04-07 00:00:00"
"20307","20049","258","2014-04-08 00:00:00"
"20631","20359","272","2014-04-09 00:00:00"
"20277","19963","314","2014-04-10 00:00:00"
"18677","18396","281","2014-04-11 00:00:00"
"10418","10273","145","2014-04-12 00:00:00"
"9798","9640","158","2014-04-13 00:00:00"
"17909","17631","278","2014-04-14 00:00:00"
"19471","19209","262","2014-04-15 00:00:00"
"19818","19520","298","2014-04-16 00:00:00"
"18568","18282","286","2014-04-17 00:00:00"
"14948","14737","211","2014-04-18 00:00:00"
"10190","10029","161","2014-04-19 00:00:00"
"9041","8905","136","2014-04-20 00:00:00"
"15270","15038","232","2014-04-21 00:00:00"
"19622","19333","289","2014-04-22 00:00:00"
"20081","19783","298","2014-04-23 00:00:00"
"19746","19441","305","2014-04-24 00:00:00"
"18726","18462","264","2014-04-25 00:00:00"
"10144","9930","214","2014-04-26 00:00:00"
"10025","9837","188","2014-04-27 00:00:00"
"17952","17661","291","2014-04-28 00:00:00"
"19178","18880","298","2014-04-29 00:00:00"
"17828","17570","258","2014-04-30 00:00:00"
"14713","14460","253","2014-05-01 00:00:00"
"15763","15506","257","2014-05-02 00:00:00"
"9679","9467","212","2014-05-03 00:00:00"
"9223","9043","180","2014-05-04 00:00:00"
"16334","16018","316","2014-05-05 00:00:00"
"17826","17502","324","2014-05-06 00:00:00"
"19013","18677","336","2014-05-07 00:00:00"
"19126","18751","375","2014-05-08 00:00:00"
"16711","16370","341","2014-05-09 00:00:00"
"9182","8971","211","2014-05-10 00:00:00"
"9064","8851","213","2014-05-11 00:00:00"
"16847","16452","395","2014-05-12 00:00:00"
"17948","17476","472","2014-05-13 00:00:00"
"18587","18157","430","2014-05-14 00:00:00"
"18560","18142","418","2014-05-15 00:00:00"
"11534","11262","272","2014-05-16 00:00:00"
"8425","8188","237","2014-05-17 00:00:00"
"8132","7884","248","2014-05-18 00:00:00"
"16341","15914","427","2014-05-19 00:00:00"
"18012","17558","454","2014-05-20 00:00:00"
"18859","18480","379","2014-05-21 00:00:00"
"18262","17832","430","2014-05-22 00:00:00"
"16541","16213","328","2014-05-23 00:00:00"
"8361","8116","245","2014-05-24 00:00:00"
"7900","7654","246","2014-05-25 00:00:00"
"14028","13707","321","2014-05-26 00:00:00"
"16914","16499","415","2014-05-27 00:00:00"
"18074","17686","388","2014-05-28 00:00:00"
"16744","16405","339","2014-05-29 00:00:00"
"15803","15453","350","2014-05-30 00:00:00"
"7327","7158","169","2014-05-31 00:00:00"
"7782","7568","214","2014-06-01 00:00:00"
"15102","14738","364","2014-06-02 00:00:00"
"16984","16596","388","2014-06-03 00:00:00"
"17731","17349","382","2014-06-04 00:00:00"
"17678","17290","388","2014-06-05 00:00:00"
"15827","15468","359","2014-06-06 00:00:00"
"7209","7031","178","2014-06-07 00:00:00"
"7984","7776","208","2014-06-08 00:00:00"
"14567","14235","332","2014-06-09 00:00:00"
"17229","16884","345","2014-06-10 00:00:00"
"17128","16791","337","2014-06-11 00:00:00"
"16599","16303","296","2014-06-12 00:00:00"
"15391","15046","345","2014-06-13 00:00:00"
"7772","7615","157","2014-06-14 00:00:00"
"7495","7327","168","2014-06-15 00:00:00"
"14471","14168","303","2014-06-16 00:00:00"
"16576","16248","328","2014-06-17 00:00:00"
"17030","16708","322","2014-06-18 00:00:00"
"16708","16414","294","2014-06-19 00:00:00"
"15033","14765","268","2014-06-20 00:00:00"
"7572","7420","152","2014-06-21 00:00:00"
"7756","7572","184","2014-06-22 00:00:00"
"15119","14860","259","2014-06-23 00:00:00"
"16916","16606","310","2014-06-24 00:00:00"
"17481","17170","311","2014-06-25 00:00:00"
"16831","16550","281","2014-06-26 00:00:00"
"15940","15657","283","2014-06-27 00:00:00"
"7590","7435","155","2014-06-28 00:00:00"
"7224","7073","151","2014-06-29 00:00:00"
"15092","14785","307","2014-06-30 00:00:00"
"15872","15565","307","2014-07-01 00:00:00"
"17457","17125","332","2014-07-02 00:00:00"
"17336","17024","312","2014-07-03 00:00:00"
"13270","12994","276","2014-07-04 00:00:00"
"7586","7403","183","2014-07-05 00:00:00"
"7585","7414","171","2014-07-06 00:00:00"
"16046","15751","295","2014-07-07 00:00:00"
"17057","16736","321","2014-07-08 00:00:00"
"17624","17356","268","2014-07-09 00:00:00"
"16975","16688","287","2014-07-10 00:00:00"
"15762","15453","309","2014-07-11 00:00:00"
"7828","7664","164","2014-07-12 00:00:00"
"7513","7353","160","2014-07-13 00:00:00"
"15587","15342","245","2014-07-14 00:00:00"
"17443","17151","292","2014-07-15 00:00:00"
"18025","17730","295","2014-07-16 00:00:00"
"17973","17694","279","2014-07-17 00:00:00"
"15870","15580","290","2014-07-18 00:00:00"
"8480","8315","165","2014-07-19 00:00:00"
"7813","7647","166","2014-07-20 00:00:00"
"16439","16150","289","2014-07-21 00:00:00"
"18207","17865","342","2014-07-22 00:00:00"
"18484","18187","297","2014-07-23 00:00:00"
"18254","17993","261","2014-07-24 00:00:00"
"16054","15749","305","2014-07-25 00:00:00"
"8280","8114","166","2014-07-26 00:00:00"
"8106","7930","176","2014-07-27 00:00:00"
"15287","14994","293","2014-07-28 00:00:00"
"16419","16127","292","2014-07-29 00:00:00"
"17449","17139","310","2014-07-30 00:00:00"
"17610","17270","340","2014-07-31 00:00:00"
"15575","15302","273","2014-08-01 00:00:00"
"7886","7720","166","2014-08-02 00:00:00"
"7664","7514","150","2014-08-03 00:00:00"
"14972","14719","253","2014-08-04 00:00:00"
"16414","16148","266","2014-08-05 00:00:00"
"17381","17118","263","2014-08-06 00:00:00"
"17374","17137","237","2014-08-07 00:00:00"
"15717","15451","266","2014-08-08 00:00:00"
"8079","7908","171","2014-08-09 00:00:00"
"7846","7672","174","2014-08-10 00:00:00"
"15709","15423","286","2014-08-11 00:00:00"
"17382","17081","301","2014-08-12 00:00:00"
"17667","17343","324","2014-08-13 00:00:00"
"17166","16889","277","2014-08-14 00:00:00"
"13131","12873","258","2014-08-15 00:00:00"
"7346","7214","132","2014-08-16 00:00:00"
"7512","7353","159","2014-08-17 00:00:00"
"14850","14562","288","2014-08-18 00:00:00"
"16634","16334","300","2014-08-19 00:00:00"
"17013","16709","304","2014-08-20 00:00:00"
"16922","16597","325","2014-08-21 00:00:00"
"15470","15196","274","2014-08-22 00:00:00"
"8022","7860","162","2014-08-23 00:00:00"
"7818","7637","181","2014-08-24 00:00:00"
"14637","14390","247","2014-08-25 00:00:00"
"16518","16228","290","2014-08-26 00:00:00"
"17336","16999","337","2014-08-27 00:00:00"
"16647","16341","306","2014-08-28 00:00:00"
"14160","13890","270","2014-08-29 00:00:00"
"7775","7622","153","2014-08-30 00:00:00"
"7291","7144","147","2014-08-31 00:00:00"
"13173","12943","230","2014-09-01 00:00:00"
"15776","15463","313","2014-09-02 00:00:00"
"16784","16484","300","2014-09-03 00:00:00"
"16840","16531","309","2014-09-04 00:00:00"
"14799","14538","261","2014-09-05 00:00:00"
"7916","7752","164","2014-09-06 00:00:00"
"7787","7612","175","2014-09-07 00:00:00"
"14750","14482","268","2014-09-08 00:00:00"
"16181","15906","275","2014-09-09 00:00:00"
"17100","16786","314","2014-09-10 00:00:00"
"17229","16940","289","2014-09-11 00:00:00"
"15654","15357","297","2014-09-12 00:00:00"
"7992","7815","177","2014-09-13 00:00:00"
"8008","7838","170","2014-09-14 00:00:00"
"15265","14966","299","2014-09-15 00:00:00"
"16820","16548","272","2014-09-16 00:00:00"
"17236","16941","295","2014-09-17 00:00:00"
"17316","16977","339","2014-09-18 00:00:00"
"15378","15123","255","2014-09-19 00:00:00"
"8154","8012","142","2014-09-20 00:00:00"
"8162","7988","174","2014-09-21 00:00:00"
"15345","15063","282","2014-09-22 00:00:00"
"17186","16896","290","2014-09-23 00:00:00"
"17296","17044","252","2014-09-24 00:00:00"
"17079","16818","261","2014-09-25 00:00:00"
"15771","15523","248","2014-09-26 00:00:00"
"7994","7825","169","2014-09-27 00:00:00"
"8069","7868","201","2014-09-28 00:00:00"
"15682","15456","226","2014-09-29 00:00:00"
"16896","16638","258","2014-09-30 00:00:00"
"16050","15765","285","2014-10-01 00:00:00"
"15021","14748","273","2014-10-02 00:00:00"
"13369","13150","219","2014-10-03 00:00:00"
"7766","7612","154","2014-10-04 00:00:00"
"7899","7741","158","2014-10-05 00:00:00"
"14169","13908","261","2014-10-06 00:00:00"
"16026","15781","245","2014-10-07 00:00:00"
"16574","16272","302","2014-10-08 00:00:00"
"17015","16713","302","2014-10-09 00:00:00"
"15665","15404","261","2014-10-10 00:00:00"
"8418","8258","160","2014-10-11 00:00:00"
"8382","8225","157","2014-10-12 00:00:00"
"15229","14947","282","2014-10-13 00:00:00"
"17058","16780","278","2014-10-14 00:00:00"
"17175","16920","255","2014-10-15 00:00:00"
"17223","16974","249","2014-10-16 00:00:00"
"15005","14738","267","2014-10-17 00:00:00"
"8326","8166","160","2014-10-18 00:00:00"
"8414","8229","185","2014-10-19 00:00:00"
"15721","15479","242","2014-10-20 00:00:00"
"16892","16666","226","2014-10-21 00:00:00"
"16503","16229","274","2014-10-22 00:00:00"
"16119","15880","239","2014-10-23 00:00:00"
"14616","14370","246","2014-10-24 00:00:00"
"8231","8075","156","2014-10-25 00:00:00"
"8512","8350","162","2014-10-26 00:00:00"
"15180","14930","250","2014-10-27 00:00:00"
"16973","16730","243","2014-10-28 00:00:00"
"17441","17176","265","2014-10-29 00:00:00"
"17918","17657","261","2014-10-30 00:00:00"
"15470","15222","248","2014-10-31 00:00:00"
"7306","7204","102","2014-11-01 00:00:00"
"8933","8772","161","2014-11-02 00:00:00"
"15294","15086","208","2014-11-03 00:00:00"
"17360","17071","289","2014-11-04 00:00:00"
"17380","17095","285","2014-11-05 00:00:00"
"17612","17327","285","2014-11-06 00:00:00"
"16022","15793","229","2014-11-07 00:00:00"
"8862","8728","134","2014-11-08 00:00:00"
"8853","8703","150","2014-11-09 00:00:00"
"16052","15815","237","2014-11-10 00:00:00"
"17005","16743","262","2014-11-11 00:00:00"
"17512","17254","258","2014-11-12 00:00:00"
"17080","16831","249","2014-11-13 00:00:00"
"15817","15571","246","2014-11-14 00:00:00"
"8783","8622","161","2014-11-15 00:00:00"
"8802","8642","160","2014-11-16 00:00:00"
"16175","15948","227","2014-11-17 00:00:00"
"17664","17428","236","2014-11-18 00:00:00"
"17922","17686","236","2014-11-19 00:00:00"
"17818","17570","248","2014-11-20 00:00:00"
"16145","15905","240","2014-11-21 00:00:00"
"8938","8781","157","2014-11-22 00:00:00"
"9321","9187","134","2014-11-23 00:00:00"
"15976","15737","239","2014-11-24 00:00:00"
"17739","17486","253","2014-11-25 00:00:00"
"17352","17094","258","2014-11-26 00:00:00"
"14961","14768","193","2014-11-27 00:00:00"
"13469","13278","191","2014-11-28 00:00:00"
"8675","8520","155","2014-11-29 00:00:00"
"8722","8568","154","2014-11-30 00:00:00"
"15394","15142","252","2014-12-01 00:00:00"
"17063","16786","277","2014-12-02 00:00:00"
"17967","17729","238","2014-12-03 00:00:00"
"17691","17399","292","2014-12-04 00:00:00"
"15914","15665","249","2014-12-05 00:00:00"
"8739","8563","176","2014-12-06 00:00:00"
"8815","8663","152","2014-12-07 00:00:00"
"15476","15223","253","2014-12-08 00:00:00"
"17215","16901","314","2014-12-09 00:00:00"
"17119","16846","273","2014-12-10 00:00:00"
"17121","16827","294","2014-12-11 00:00:00"
"15150","14881","269","2014-12-12 00:00:00"
"8307","8111","196","2014-12-13 00:00:00"
"8151","7950","201","2014-12-14 00:00:00"
"15145","14795","350","2014-12-15 00:00:00"
"16271","15909","362","2014-12-16 00:00:00"
"16288","15939","349","2014-12-17 00:00:00"
"16387","16090","297","2014-12-18 00:00:00"
"13904","13627","277","2014-12-19 00:00:00"
"7638","7435","203","2014-12-20 00:00:00"
"7353","7188","165","2014-12-21 00:00:00"
"13408","13145","263","2014-12-22 00:00:00"
"13718","13440","278","2014-12-23 00:00:00"
"10489","10260","229","2014-12-24 00:00:00"
"6498","6345","153","2014-12-25 00:00:00"
"8819","8636","183","2014-12-26 00:00:00"
"7247","7075","172","2014-12-27 00:00:00"
"7321","7154","167","2014-12-28 00:00:00"
"12447","12247","200","2014-12-29 00:00:00"
"13073","12844","229","2014-12-30 00:00:00"
"10342","10131","211","2014-12-31 00:00:00"
"6606","6460","146","2015-01-01 00:00:00"
"11365","11141","224","2015-01-02 00:00:00"
"8338","8169","169","2015-01-03 00:00:00"
"8509","8331","178","2015-01-04 00:00:00"
"14374","14124","250","2015-01-05 00:00:00"
"15307","15054","253","2015-01-06 00:00:00"
"16330","16095","235","2015-01-07 00:00:00"
"16611","16362","249","2015-01-08 00:00:00"
"15502","15264","238","2015-01-09 00:00:00"
"8677","8503","174","2015-01-10 00:00:00"
"8578","8390","188","2015-01-11 00:00:00"
"15086","14831","255","2015-01-12 00:00:00"
"16505","16260","245","2015-01-13 00:00:00"
"16556","16308","248","2015-01-14 00:00:00"
"16336","16106","230","2015-01-15 00:00:00"
"15509","15288","221","2015-01-16 00:00:00"
"8640","8491","149","2015-01-17 00:00:00"
"8169","8003","166","2015-01-18 00:00:00"
"15364","15133","231","2015-01-19 00:00:00"
"17342","17119","223","2015-01-20 00:00:00"
"17300","17011","289","2015-01-21 00:00:00"
"17152","16910","242","2015-01-22 00:00:00"
"15723","15458","265","2015-01-23 00:00:00"
"8581","8415","166","2015-01-24 00:00:00"
"8831","8683","148","2015-01-25 00:00:00"
"14173","13942","231","2015-01-26 00:00:00"
"16795","16571","224","2015-01-27 00:00:00"
"17597","17352","245","2015-01-28 00:00:00"
"17664","17404","260","2015-01-29 00:00:00"
"15424","15192","232","2015-01-30 00:00:00"
"8915","8766","149","2015-01-31 00:00:00"
"8947","8804","143","2015-02-01 00:00:00"
"15379","15180","199","2015-02-02 00:00:00"
"17538","17341","197","2015-02-03 00:00:00"
"18181","17945","236","2015-02-04 00:00:00"
"17861","17636","225","2015-02-05 00:00:00"
"16339","16116","223","2015-02-06 00:00:00"
"9463","9332","131","2015-02-07 00:00:00"
"9391","9243","148","2015-02-08 00:00:00"
"16538","16329","209","2015-02-09 00:00:00"
"17764","17530","234","2015-02-10 00:00:00"
"18145","17889","256","2015-02-11 00:00:00"
"18451","18218","233","2015-02-12 00:00:00"
"16296","16082","214","2015-02-13 00:00:00"
"8404","8264","140","2015-02-14 00:00:00"
"8693","8544","149","2015-02-15 00:00:00"
"15596","15379","217","2015-02-16 00:00:00"
"16833","16671","162","2015-02-17 00:00:00"
"18230","18016","214","2015-02-18 00:00:00"
"18453","18228","225","2015-02-19 00:00:00"
"16729","16497","232","2015-02-20 00:00:00"
"9903","9733","170","2015-02-21 00:00:00"
"9369","9229","140","2015-02-22 00:00:00"
"16715","16498","217","2015-02-23 00:00:00"
"18234","18013","221","2015-02-24 00:00:00"
"18522","18310","212","2015-02-25 00:00:00"
"18352","18121","231","2015-02-26 00:00:00"
"16914","16717","197","2015-02-27 00:00:00"
"9519","9361","158","2015-02-28 00:00:00"
"9683","9556","127","2015-03-01 00:00:00"
"16548","16371","177","2015-03-02 00:00:00"
"17941","17725","216","2015-03-03 00:00:00"
"18480","18256","224","2015-03-04 00:00:00"
"18116","17890","226","2015-03-05 00:00:00"
"15684","15463","221","2015-03-06 00:00:00"
"9380","9236","144","2015-03-07 00:00:00"
"9226","9089","137","2015-03-08 00:00:00"
"16310","16134","176","2015-03-09 00:00:00"
"17780","17575","205","2015-03-10 00:00:00"
"18735","18537","198","2015-03-11 00:00:00"
"18290","18084","206","2015-03-12 00:00:00"
"16950","16733","217","2015-03-13 00:00:00"
"9261","9123","138","2015-03-14 00:00:00"
"9414","9268","146","2015-03-15 00:00:00"
"16998","16781","217","2015-03-16 00:00:00"
"18246","18012","234","2015-03-17 00:00:00"
"18305","18103","202","2015-03-18 00:00:00"
"17622","17370","252","2015-03-19 00:00:00"
"16269","16035","234","2015-03-20 00:00:00"
"9319","9181","138","2015-03-21 00:00:00"
"9435","9281","154","2015-03-22 00:00:00"
"16734","16495","239","2015-03-23 00:00:00"
"17789","17548","241","2015-03-24 00:00:00"
"18847","18616","231","2015-03-25 00:00:00"
"17607","17384","223","2015-03-26 00:00:00"
"16674","16474","200","2015-03-27 00:00:00"
"9525","9373","152","2015-03-28 00:00:00"
"9787","9635","152","2015-03-29 00:00:00"
"17336","17079","257","2015-03-30 00:00:00"
"17717","17507","210","2015-03-31 00:00:00"
"17805","17581","224","2015-04-01 00:00:00"
"17132","16930","202","2015-04-02 00:00:00"
"14102","13905","197","2015-04-03 00:00:00"
"9509","9342","167","2015-04-04 00:00:00"
"8913","8752","161","2015-04-05 00:00:00"
"14853","14641","212","2015-04-06 00:00:00"
"18251","17952","299","2015-04-07 00:00:00"
"19937","19631","306","2015-04-08 00:00:00"
"19960","19657","303","2015-04-09 00:00:00"
"17875","17564","311","2015-04-10 00:00:00"
"9874","9693","181","2015-04-11 00:00:00"
"9575","9385","190","2015-04-12 00:00:00"
"17393","17066","327","2015-04-13 00:00:00"
"18862","18515","347","2015-04-14 00:00:00"
"19967","19614","353","2015-04-15 00:00:00"
"21021","20666","355","2015-04-16 00:00:00"
"19740","19400","340","2015-04-17 00:00:00"
"10745","10516","229","2015-04-18 00:00:00"
"10797","10583","214","2015-04-19 00:00:00"
"19524","19157","367","2015-04-20 00:00:00"
"20958","20590","368","2015-04-21 00:00:00"
"21916","21570","346","2015-04-22 00:00:00"
"21556","21204","352","2015-04-23 00:00:00"
"19406","19102","304","2015-04-24 00:00:00"
"10562","10349","213","2015-04-25 00:00:00"
"10823","10604","219","2015-04-26 00:00:00"
"19361","19067","294","2015-04-27 00:00:00"
"20303","19994","309","2015-04-28 00:00:00"
"20937","20598","339","2015-04-29 00:00:00"
"19498","19193","305","2015-04-30 00:00:00"
"14351","14100","251","2015-05-01 00:00:00"
"10036","9818","218","2015-05-02 00:00:00"
"9996","9812","184","2015-05-03 00:00:00"
"17878","17581","297","2015-05-04 00:00:00"
"19441","19113","328","2015-05-05 00:00:00"
"20503","20188","315","2015-05-06 00:00:00"
"20201","19831","370","2015-05-07 00:00:00"
"17750","17407","343","2015-05-08 00:00:00"
"9606","9418","188","2015-05-09 00:00:00"
"9535","9348","187","2015-05-10 00:00:00"
"18188","17912","276","2015-05-11 00:00:00"
"20076","19781","295","2015-05-12 00:00:00"
"19895","19561","334","2015-05-13 00:00:00"
"18766","18486","280","2015-05-14 00:00:00"
"17569","17222","347","2015-05-15 00:00:00"
"9527","9341","186","2015-05-16 00:00:00"
"9440","9243","197","2015-05-17 00:00:00"
"17715","17374","341","2015-05-18 00:00:00"
"19590","19228","362","2015-05-19 00:00:00"
"20292","19953","339","2015-05-20 00:00:00"
"20116","19785","331","2015-05-21 00:00:00"
"17871","17524","347","2015-05-22 00:00:00"
"9329","9166","163","2015-05-23 00:00:00"
"8928","8731","197","2015-05-24 00:00:00"
"14791","14515","276","2015-05-25 00:00:00"
"19759","19407","352","2015-05-26 00:00:00"
"20366","20047","319","2015-05-27 00:00:00"
"20284","19949","335","2015-05-28 00:00:00"
"18375","18070","305","2015-05-29 00:00:00"
"9700","9522","178","2015-05-30 00:00:00"
"9391","9204","187","2015-05-31 00:00:00"
"17707","17436","271","2015-06-01 00:00:00"
"19696","19338","358","2015-06-02 00:00:00"
"20622","20331","291","2015-06-03 00:00:00"
"19678","19394","284","2015-06-04 00:00:00"
"17944","17638","306","2015-06-05 00:00:00"
"9268","9120","148","2015-06-06 00:00:00"
"9115","8922","193","2015-06-07 00:00:00"
"17740","17442","298","2015-06-08 00:00:00"
"20175","19834","341","2015-06-09 00:00:00"
"20613","20296","317","2015-06-10 00:00:00"
"20374","20045","329","2015-06-11 00:00:00"
"17160","16854","306","2015-06-12 00:00:00"
"9026","8834","192","2015-06-13 00:00:00"
"9116","8931","185","2015-06-14 00:00:00"
"17643","17284","359","2015-06-15 00:00:00"
"19733","19443","290","2015-06-16 00:00:00"
"20180","19867","313","2015-06-17 00:00:00"
"19801","19489","312","2015-06-18 00:00:00"
"17670","17398","272","2015-06-19 00:00:00"
"9094","8911","183","2015-06-20 00:00:00"
"8826","8665","161","2015-06-21 00:00:00"
"17746","17486","260","2015-06-22 00:00:00"
"19912","19646","266","2015-06-23 00:00:00"
"20144","19819","325","2015-06-24 00:00:00"
"19937","19653","284","2015-06-25 00:00:00"
"17883","17606","277","2015-06-26 00:00:00"
"9140","8986","154","2015-06-27 00:00:00"
"9429","9293","136","2015-06-28 00:00:00"
"17979","17686","293","2015-06-29 00:00:00"
"19428","19135","293","2015-06-30 00:00:00"
"19489","19205","284","2015-07-01 00:00:00"
"19386","19095","291","2015-07-02 00:00:00"
"16101","15825","276","2015-07-03 00:00:00"
"8796","8604","192","2015-07-04 00:00:00"
"8380","8213","167","2015-07-05 00:00:00"
"18143","17862","281","2015-07-06 00:00:00"
"20070","19744","326","2015-07-07 00:00:00"
"20712","20345","367","2015-07-08 00:00:00"
"20812","20517","295","2015-07-09 00:00:00"
"18349","18071","278","2015-07-10 00:00:00"
"9144","8984","160","2015-07-11 00:00:00"
"8986","8807","179","2015-07-12 00:00:00"
"18243","17915","328","2015-07-13 00:00:00"
"20140","19806","334","2015-07-14 00:00:00"
"20254","19954","300","2015-07-15 00:00:00"
"19697","19400","297","2015-07-16 00:00:00"
"16920","16633","287","2015-07-17 00:00:00"
"8544","8362","182","2015-07-18 00:00:00"
"8819","8623","196","2015-07-19 00:00:00"
"17630","17327","303","2015-07-20 00:00:00"
"19856","19545","311","2015-07-21 00:00:00"
"20728","20434","294","2015-07-22 00:00:00"
"20501","20201","300","2015-07-23 00:00:00"
"18180","17916","264","2015-07-24 00:00:00"
"9063","8910","153","2015-07-25 00:00:00"
"9144","8950","194","2015-07-26 00:00:00"
"18584","18286","298","2015-07-27 00:00:00"
"20274","19940","334","2015-07-28 00:00:00"
"20667","20363","304","2015-07-29 00:00:00"
"19376","19037","339","2015-07-30 00:00:00"
"17732","17431","301","2015-07-31 00:00:00"
"8703","8531","172","2015-08-01 00:00:00"
"8680","8518","162","2015-08-02 00:00:00"
"17625","17331","294","2015-08-03 00:00:00"
"19270","18941","329","2015-08-04 00:00:00"
"19801","19510","291","2015-08-05 00:00:00"
"19548","19261","287","2015-08-06 00:00:00"
"17336","17026","310","2015-08-07 00:00:00"
"8637","8452","185","2015-08-08 00:00:00"
"8536","8348","188","2015-08-09 00:00:00"
"17721","17411","310","2015-08-10 00:00:00"
"19466","19172","294","2015-08-11 00:00:00"
"19734","19403","331","2015-08-12 00:00:00"
"19572","19239","333","2015-08-13 00:00:00"
"16747","16450","297","2015-08-14 00:00:00"
"8580","8389","191","2015-08-15 00:00:00"
"8780","8595","185","2015-08-16 00:00:00"
"17182","16938","244","2015-08-17 00:00:00"
"19405","19103","302","2015-08-18 00:00:00"
"19604","19329","275","2015-08-19 00:00:00"
"19486","19214","272","2015-08-20 00:00:00"
"17616","17340","276","2015-08-21 00:00:00"
"9099","8928","171","2015-08-22 00:00:00"
"9182","9014","168","2015-08-23 00:00:00"
"17570","17279","291","2015-08-24 00:00:00"
"19153","18855","298","2015-08-25 00:00:00"
"19308","19040","268","2015-08-26 00:00:00"
"19390","19079","311","2015-08-27 00:00:00"
"17025","16757","268","2015-08-28 00:00:00"
"8746","8580","166","2015-08-29 00:00:00"
"8700","8502","198","2015-08-30 00:00:00"
"16207","15956","251","2015-08-31 00:00:00"
"18000","17720","280","2015-09-01 00:00:00"
"18935","18661","274","2015-09-02 00:00:00"
"18887","18571","316","2015-09-03 00:00:00"
"16866","16599","267","2015-09-04 00:00:00"
"8823","8653","170","2015-09-05 00:00:00"
"8942","8761","181","2015-09-06 00:00:00"
"15057","14775","282","2015-09-07 00:00:00"
"18153","17823","330","2015-09-08 00:00:00"
"18509","18207","302","2015-09-09 00:00:00"
"19030","18719","311","2015-09-10 00:00:00"
"17178","16858","320","2015-09-11 00:00:00"
"9221","9051","170","2015-09-12 00:00:00"
"8881","8677","204","2015-09-13 00:00:00"
"16770","16499","271","2015-09-14 00:00:00"
"18479","18160","319","2015-09-15 00:00:00"
"19614","19322","292","2015-09-16 00:00:00"
"17988","17667","321","2015-09-17 00:00:00"
"17739","17427","312","2015-09-18 00:00:00"
"9648","9450","198","2015-09-19 00:00:00"
"9224","9034","190","2015-09-20 00:00:00"
"17535","17249","286","2015-09-21 00:00:00"
"19188","18870","318","2015-09-22 00:00:00"
"18685","18389","296","2015-09-23 00:00:00"
"18114","17827","287","2015-09-24 00:00:00"
"16341","16060","281","2015-09-25 00:00:00"
"9145","8968","177","2015-09-26 00:00:00"
"8929","8750","179","2015-09-27 00:00:00"
"16378","16092","286","2015-09-28 00:00:00"
"18658","18403","255","2015-09-29 00:00:00"
"18227","17885","342","2015-09-30 00:00:00"
"17875","17584","291","2015-10-01 00:00:00"
"15930","15614","316","2015-10-02 00:00:00"
"9223","9044","179","2015-10-03 00:00:00"
"8934","8733","201","2015-10-04 00:00:00"
"16735","16451","284","2015-10-05 00:00:00"
"18362","18064","298","2015-10-06 00:00:00"
"19363","19061","302","2015-10-07 00:00:00"
"19888","19578","310","2015-10-08 00:00:00"
"17695","17393","302","2015-10-09 00:00:00"
"9425","9245","180","2015-10-10 00:00:00"
"9232","9038","194","2015-10-11 00:00:00"
"17193","16888","305","2015-10-12 00:00:00"
"18964","18630","334","2015-10-13 00:00:00"
"19615","19260","355","2015-10-14 00:00:00"
"19226","18897","329","2015-10-15 00:00:00"
"17454","17155","299","2015-10-16 00:00:00"
"9597","9404","193","2015-10-17 00:00:00"
"9569","9373","196","2015-10-18 00:00:00"
"17731","17411","320","2015-10-19 00:00:00"
"19302","18968","334","2015-10-20 00:00:00"
"18856","18509","347","2015-10-21 00:00:00"
"18185","17864","321","2015-10-22 00:00:00"
"17137","16835","302","2015-10-23 00:00:00"
"9571","9371","200","2015-10-24 00:00:00"
"9720","9515","205","2015-10-25 00:00:00"
"17772","17436","336","2015-10-26 00:00:00"
"19382","19000","382","2015-10-27 00:00:00"
"19438","19092","346","2015-10-28 00:00:00"
"19416","19095","321","2015-10-29 00:00:00"
"16619","16290","329","2015-10-30 00:00:00"
"9272","9079","193","2015-10-31 00:00:00"
"8929","8698","231","2015-11-01 00:00:00"
"17081","16716","365","2015-11-02 00:00:00"
"18641","18250","391","2015-11-03 00:00:00"
"19255","18907","348","2015-11-04 00:00:00"
"19236","18872","364","2015-11-05 00:00:00"
"17192","16887","305","2015-11-06 00:00:00"
"9748","9504","244","2015-11-07 00:00:00"
"9362","9143","219","2015-11-08 00:00:00"
"16652","16337","315","2015-11-09 00:00:00"
"18092","17789","303","2015-11-10 00:00:00"
"17066","16781","285","2015-11-11 00:00:00"
"18196","17796","400","2015-11-12 00:00:00"
"16841","16502","339","2015-11-13 00:00:00"
"9346","9114","232","2015-11-14 00:00:00"
"9681","9429","252","2015-11-15 00:00:00"
"17069","16703","366","2015-11-16 00:00:00"
"18978","18599","379","2015-11-17 00:00:00"
"19848","19446","402","2015-11-18 00:00:00"
"20103","19688","415","2015-11-19 00:00:00"
"18043","17686","357","2015-11-20 00:00:00"
"9878","9660","218","2015-11-21 00:00:00"
"9637","9408","229","2015-11-22 00:00:00"
"17876","17532","344","2015-11-23 00:00:00"
"19597","19237","360","2015-11-24 00:00:00"
"18739","18351","388","2015-11-25 00:00:00"
"16945","16606","339","2015-11-26 00:00:00"
"14673","14387","286","2015-11-27 00:00:00"
"9530","9316","214","2015-11-28 00:00:00"
"9689","9457","232","2015-11-29 00:00:00"
"17156","16793","363","2015-11-30 00:00:00"
"18738","18370","368","2015-12-01 00:00:00"
"19248","18852","396","2015-12-02 00:00:00"
"19586","19135","451","2015-12-03 00:00:00"
"17587","17184","403","2015-12-04 00:00:00"
"9776","9542","234","2015-12-05 00:00:00"
"9886","9623","263","2015-12-06 00:00:00"
"17735","17356","379","2015-12-07 00:00:00"
"19141","18766","375","2015-12-08 00:00:00"
"19288","18879","409","2015-12-09 00:00:00"
"19021","18657","364","2015-12-10 00:00:00"
"17399","17025","374","2015-12-11 00:00:00"
"9888","9669","219","2015-12-12 00:00:00"
"9470","9229","241","2015-12-13 00:00:00"
"17491","17030","461","2015-12-14 00:00:00"
"19256","18772","484","2015-12-15 00:00:00"
"19085","18653","432","2015-12-16 00:00:00"
"18496","18059","437","2015-12-17 00:00:00"
"16211","15841","370","2015-12-18 00:00:00"
"8975","8724","251","2015-12-19 00:00:00"
"8729","8485","244","2015-12-20 00:00:00"
"16067","15723","344","2015-12-21 00:00:00"
"16828","16454","374","2015-12-22 00:00:00"
"15981","15653","328","2015-12-23 00:00:00"
"11188","10901","287","2015-12-24 00:00:00"
"6994","6839","155","2015-12-25 00:00:00"
"7241","7067","174","2015-12-26 00:00:00"
"8063","7835","228","2015-12-27 00:00:00"
"13626","13338","288","2015-12-28 00:00:00"
"15500","15167","333","2015-12-29 00:00:00"
"15115","14766","349","2015-12-30 00:00:00"
"11143","10869","274","2015-12-31 00:00:00"
"7162","6959","203","2016-01-01 00:00:00"
"8678","8404","274","2016-01-02 00:00:00"
"9134","8883","251","2016-01-03 00:00:00"
"15873","15532","341","2016-01-04 00:00:00"
"17909","17533","376","2016-01-05 00:00:00"
"18283","17869","414","2016-01-06 00:00:00"
"18692","18323","369","2016-01-07 00:00:00"
"17309","16933","376","2016-01-08 00:00:00"
"10121","9848","273","2016-01-09 00:00:00"
"9847","9618","229","2016-01-10 00:00:00"
"17712","17349","363","2016-01-11 00:00:00"
"19252","18896","356","2016-01-12 00:00:00"
"19723","19366","357","2016-01-13 00:00:00"
"19195","18845","350","2016-01-14 00:00:00"
"16805","16470","335","2016-01-15 00:00:00"
"9619","9356","263","2016-01-16 00:00:00"
"9825","9608","217","2016-01-17 00:00:00"
"17536","17155","381","2016-01-18 00:00:00"
"19168","18779","389","2016-01-19 00:00:00"
"20088","19692","396","2016-01-20 00:00:00"
"19998","19621","377","2016-01-21 00:00:00"
"17979","17606","373","2016-01-22 00:00:00"
"10438","10180","258","2016-01-23 00:00:00"
"10496","10254","242","2016-01-24 00:00:00"
"18226","17842","384","2016-01-25 00:00:00"
"18281","17918","363","2016-01-26 00:00:00"
"20433","20041","392","2016-01-27 00:00:00"
"20256","19838","418","2016-01-28 00:00:00"
"18285","17959","326","2016-01-29 00:00:00"
"10362","10130","232","2016-01-30 00:00:00"
"10319","10108","211","2016-01-31 00:00:00"
"18094","17734","360","2016-02-01 00:00:00"
"19729","19309","420","2016-02-02 00:00:00"
"20250","19865","385","2016-02-03 00:00:00"
"20125","19706","419","2016-02-04 00:00:00"
"18123","17767","356","2016-02-05 00:00:00"
"10346","10107","239","2016-02-06 00:00:00"
"10502","10227","275","2016-02-07 00:00:00"
"17419","17022","397","2016-02-08 00:00:00"
"19194","18776","418","2016-02-09 00:00:00"
"20021","19601","420","2016-02-10 00:00:00"
"20324","19908","416","2016-02-11 00:00:00"
"18263","17933","330","2016-02-12 00:00:00"
"10366","10125","241","2016-02-13 00:00:00"
"9748","9519","229","2016-02-14 00:00:00"
"18187","17807","380","2016-02-15 00:00:00"
"20277","19892","385","2016-02-16 00:00:00"
"21012","20616","396","2016-02-17 00:00:00"
"20912","20514","398","2016-02-18 00:00:00"
"18928","18530","398","2016-02-19 00:00:00"
"11018","10743","275","2016-02-20 00:00:00"
"10915","10629","286","2016-02-21 00:00:00"
"18826","18397","429","2016-02-22 00:00:00"
"20563","20133","430","2016-02-23 00:00:00"
"21145","20714","431","2016-02-24 00:00:00"
"21267","20872","395","2016-02-25 00:00:00"
"19455","19106","349","2016-02-26 00:00:00"
"10950","10726","224","2016-02-27 00:00:00"
"10631","10396","235","2016-02-28 00:00:00"
"18632","18191","441","2016-02-29 00:00:00"
"20066","19669","397","2016-03-01 00:00:00"
"20699","20332","367","2016-03-02 00:00:00"
"21363","20938","425","2016-03-03 00:00:00"
"19848","19431","417","2016-03-04 00:00:00"
"11322","11035","287","2016-03-05 00:00:00"
"10714","10418","296","2016-03-06 00:00:00"
"19288","18906","382","2016-03-07 00:00:00"
"20808","20353","455","2016-03-08 00:00:00"
"21391","20905","486","2016-03-09 00:00:00"
"21327","20863","464","2016-03-10 00:00:00"
"19272","18771","501","2016-03-11 00:00:00"
"10877","10562","315","2016-03-12 00:00:00"
"10808","10454","354","2016-03-13 00:00:00"
"19746","19257","489","2016-03-14 00:00:00"
"20977","20415","562","2016-03-15 00:00:00"
"21434","20898","536","2016-03-16 00:00:00"
"21154","20560","594","2016-03-17 00:00:00"
"19268","18726","542","2016-03-18 00:00:00"
"10529","10158","371","2016-03-19 00:00:00"
"10428","10045","383","2016-03-20 00:00:00"
"19439","18819","620","2016-03-21 00:00:00"
"20311","19705","606","2016-03-22 00:00:00"
"20486","19898","588","2016-03-23 00:00:00"
"18407","17803","604","2016-03-24 00:00:00"
"16089","15200","889","2016-03-25 00:00:00"
"10980","10325","655","2016-03-26 00:00:00"
"10541","9873","668","2016-03-27 00:00:00"
"17148","16314","834","2016-03-28 00:00:00"
"21648","20586","1062","2016-03-29 00:00:00"
"22230","21282","948","2016-03-30 00:00:00"
"21754","20838","916","2016-03-31 00:00:00"
"19848","18852","996","2016-04-01 00:00:00"
"11370","10899","471","2016-04-02 00:00:00"
"1343","1325","18","2016-04-03 00:00:00"