NumQuestions,count_nulls,count_not_nulls,CreationDateOnly
"4","4","0","2008-07-31 00:00:00"
"48","43","5","2008-08-01 00:00:00"
"25","23","2","2008-08-02 00:00:00"
"33","31","2","2008-08-03 00:00:00"
"80","69","11","2008-08-04 00:00:00"
"125","99","26","2008-08-05 00:00:00"
"110","94","16","2008-08-06 00:00:00"
"142","123","19","2008-08-07 00:00:00"
"94","80","14","2008-08-08 00:00:00"
"43","36","7","2008-08-09 00:00:00"
"40","32","8","2008-08-10 00:00:00"
"87","79","8","2008-08-11 00:00:00"
"111","103","8","2008-08-12 00:00:00"
"105","89","16","2008-08-13 00:00:00"
"132","120","12","2008-08-14 00:00:00"
"117","103","14","2008-08-15 00:00:00"
"41","37","4","2008-08-16 00:00:00"
"58","52","6","2008-08-17 00:00:00"
"155","132","23","2008-08-18 00:00:00"
"187","154","33","2008-08-19 00:00:00"
"183","149","34","2008-08-20 00:00:00"
"235","209","26","2008-08-21 00:00:00"
"220","189","31","2008-08-22 00:00:00"
"88","74","14","2008-08-23 00:00:00"
"84","70","14","2008-08-24 00:00:00"
"184","155","29","2008-08-25 00:00:00"
"228","199","29","2008-08-26 00:00:00"
"263","242","21","2008-08-27 00:00:00"
"272","242","30","2008-08-28 00:00:00"
"244","217","27","2008-08-29 00:00:00"
"128","110","18","2008-08-30 00:00:00"
"97","89","8","2008-08-31 00:00:00"
"186","165","21","2008-09-01 00:00:00"
"293","273","20","2008-09-02 00:00:00"
"253","221","32","2008-09-03 00:00:00"
"261","237","24","2008-09-04 00:00:00"
"274","246","28","2008-09-05 00:00:00"
"107","89","18","2008-09-06 00:00:00"
"114","100","14","2008-09-07 00:00:00"
"288","253","35","2008-09-08 00:00:00"
"315","282","33","2008-09-09 00:00:00"
"308","282","26","2008-09-10 00:00:00"
"342","319","23","2008-09-11 00:00:00"
"287","255","32","2008-09-12 00:00:00"
"115","99","16","2008-09-13 00:00:00"
"103","91","12","2008-09-14 00:00:00"
"722","646","76","2008-09-15 00:00:00"
"1137","1038","99","2008-09-16 00:00:00"
"1171","1069","102","2008-09-17 00:00:00"
"1036","938","98","2008-09-18 00:00:00"
"959","855","104","2008-09-19 00:00:00"
"336","300","36","2008-09-20 00:00:00"
"290","254","36","2008-09-21 00:00:00"
"726","659","67","2008-09-22 00:00:00"
"827","763","64","2008-09-23 00:00:00"
"814","748","66","2008-09-24 00:00:00"
"805","750","55","2008-09-25 00:00:00"
"738","680","58","2008-09-26 00:00:00"
"269","234","35","2008-09-27 00:00:00"
"255","219","36","2008-09-28 00:00:00"
"602","557","45","2008-09-29 00:00:00"
"672","614","58","2008-09-30 00:00:00"
"634","596","38","2008-10-01 00:00:00"
"651","606","45","2008-10-02 00:00:00"
"546","507","39","2008-10-03 00:00:00"
"224","206","18","2008-10-04 00:00:00"
"227","207","20","2008-10-05 00:00:00"
"525","485","40","2008-10-06 00:00:00"
"613","560","53","2008-10-07 00:00:00"
"676","633","43","2008-10-08 00:00:00"
"673","625","48","2008-10-09 00:00:00"
"587","547","40","2008-10-10 00:00:00"
"192","177","15","2008-10-11 00:00:00"
"195","179","16","2008-10-12 00:00:00"
"526","494","32","2008-10-13 00:00:00"
"627","585","42","2008-10-14 00:00:00"
"564","521","43","2008-10-15 00:00:00"
"613","570","43","2008-10-16 00:00:00"
"544","507","37","2008-10-17 00:00:00"
"209","189","20","2008-10-18 00:00:00"
"192","183","9","2008-10-19 00:00:00"
"495","470","25","2008-10-20 00:00:00"
"613","574","39","2008-10-21 00:00:00"
"633","594","39","2008-10-22 00:00:00"
"582","546","36","2008-10-23 00:00:00"
"524","497","27","2008-10-24 00:00:00"
"219","206","13","2008-10-25 00:00:00"
"218","205","13","2008-10-26 00:00:00"
"440","410","30","2008-10-27 00:00:00"
"589","553","36","2008-10-28 00:00:00"
"597","560","37","2008-10-29 00:00:00"
"559","529","30","2008-10-30 00:00:00"
"501","475","26","2008-10-31 00:00:00"
"143","129","14","2008-11-01 00:00:00"
"195","179","16","2008-11-02 00:00:00"
"484","455","29","2008-11-03 00:00:00"
"601","564","37","2008-11-04 00:00:00"
"551","522","29","2008-11-05 00:00:00"
"651","618","33","2008-11-06 00:00:00"
"574","537","37","2008-11-07 00:00:00"
"206","197","9","2008-11-08 00:00:00"
"219","199","20","2008-11-09 00:00:00"
"543","515","28","2008-11-10 00:00:00"
"531","505","26","2008-11-11 00:00:00"
"619","590","29","2008-11-12 00:00:00"
"547","512","35","2008-11-13 00:00:00"
"531","501","30","2008-11-14 00:00:00"
"236","216","20","2008-11-15 00:00:00"
"207","197","10","2008-11-16 00:00:00"
"522","494","28","2008-11-17 00:00:00"
"609","584","25","2008-11-18 00:00:00"
"603","574","29","2008-11-19 00:00:00"
"617","584","33","2008-11-20 00:00:00"
"575","538","37","2008-11-21 00:00:00"
"217","202","15","2008-11-22 00:00:00"
"209","199","10","2008-11-23 00:00:00"
"510","485","25","2008-11-24 00:00:00"
"575","544","31","2008-11-25 00:00:00"
"553","527","26","2008-11-26 00:00:00"
"399","370","29","2008-11-27 00:00:00"
"361","336","25","2008-11-28 00:00:00"
"212","199","13","2008-11-29 00:00:00"
"200","187","13","2008-11-30 00:00:00"
"475","453","22","2008-12-01 00:00:00"
"567","536","31","2008-12-02 00:00:00"
"571","542","29","2008-12-03 00:00:00"
"597","565","32","2008-12-04 00:00:00"
"520","487","33","2008-12-05 00:00:00"
"225","213","12","2008-12-06 00:00:00"
"215","199","16","2008-12-07 00:00:00"
"499","471","28","2008-12-08 00:00:00"
"566","536","30","2008-12-09 00:00:00"
"586","562","24","2008-12-10 00:00:00"
"595","569","26","2008-12-11 00:00:00"
"503","471","32","2008-12-12 00:00:00"
"222","206","16","2008-12-13 00:00:00"
"188","177","11","2008-12-14 00:00:00"
"518","490","28","2008-12-15 00:00:00"
"566","541","25","2008-12-16 00:00:00"
"578","544","34","2008-12-17 00:00:00"
"573","544","29","2008-12-18 00:00:00"
"486","457","29","2008-12-19 00:00:00"
"181","165","16","2008-12-20 00:00:00"
"185","173","12","2008-12-21 00:00:00"
"415","389","26","2008-12-22 00:00:00"
"427","410","17","2008-12-23 00:00:00"
"292","280","12","2008-12-24 00:00:00"
"126","113","13","2008-12-25 00:00:00"
"178","163","15","2008-12-26 00:00:00"
"181","167","14","2008-12-27 00:00:00"
"183","173","10","2008-12-28 00:00:00"
"365","344","21","2008-12-29 00:00:00"
"455","428","27","2008-12-30 00:00:00"
"323","300","23","2008-12-31 00:00:00"
"195","182","13","2009-01-01 00:00:00"
"381","362","19","2009-01-02 00:00:00"
"239","222","17","2009-01-03 00:00:00"
"284","266","18","2009-01-04 00:00:00"
"478","460","18","2009-01-05 00:00:00"
"604","560","44","2009-01-06 00:00:00"
"646","608","38","2009-01-07 00:00:00"
"621","585","36","2009-01-08 00:00:00"
"591","554","37","2009-01-09 00:00:00"
"278","268","10","2009-01-10 00:00:00"
"337","312","25","2009-01-11 00:00:00"
"621","595","26","2009-01-12 00:00:00"
"677","652","25","2009-01-13 00:00:00"
"671","633","38","2009-01-14 00:00:00"
"712","677","35","2009-01-15 00:00:00"
"608","571","37","2009-01-16 00:00:00"
"309","283","26","2009-01-17 00:00:00"
"305","282","23","2009-01-18 00:00:00"
"638","612","26","2009-01-19 00:00:00"
"682","648","34","2009-01-20 00:00:00"
"705","673","32","2009-01-21 00:00:00"
"664","634","30","2009-01-22 00:00:00"
"673","644","29","2009-01-23 00:00:00"
"291","273","18","2009-01-24 00:00:00"
"275","261","14","2009-01-25 00:00:00"
"623","589","34","2009-01-26 00:00:00"
"704","673","31","2009-01-27 00:00:00"
"692","665","27","2009-01-28 00:00:00"
"725","675","50","2009-01-29 00:00:00"
"649","615","34","2009-01-30 00:00:00"
"317","299","18","2009-01-31 00:00:00"
"295","279","16","2009-02-01 00:00:00"
"622","596","26","2009-02-02 00:00:00"
"731","695","36","2009-02-03 00:00:00"
"802","766","36","2009-02-04 00:00:00"
"805","772","33","2009-02-05 00:00:00"
"711","675","36","2009-02-06 00:00:00"
"345","315","30","2009-02-07 00:00:00"
"318","298","20","2009-02-08 00:00:00"
"727","679","48","2009-02-09 00:00:00"
"804","759","45","2009-02-10 00:00:00"
"825","776","49","2009-02-11 00:00:00"
"914","870","44","2009-02-12 00:00:00"
"725","693","32","2009-02-13 00:00:00"
"294","279","15","2009-02-14 00:00:00"
"311","295","16","2009-02-15 00:00:00"
"619","596","23","2009-02-16 00:00:00"
"744","713","31","2009-02-17 00:00:00"
"783","737","46","2009-02-18 00:00:00"
"769","725","44","2009-02-19 00:00:00"
"702","669","33","2009-02-20 00:00:00"
"330","311","19","2009-02-21 00:00:00"
"379","352","27","2009-02-22 00:00:00"
"745","708","37","2009-02-23 00:00:00"
"810","776","34","2009-02-24 00:00:00"
"823","793","30","2009-02-25 00:00:00"
"884","847","37","2009-02-26 00:00:00"
"792","752","40","2009-02-27 00:00:00"
"335","318","17","2009-02-28 00:00:00"
"334","319","15","2009-03-01 00:00:00"
"695","658","37","2009-03-02 00:00:00"
"858","819","39","2009-03-03 00:00:00"
"839","806","33","2009-03-04 00:00:00"
"807","775","32","2009-03-05 00:00:00"
"744","713","31","2009-03-06 00:00:00"
"340","322","18","2009-03-07 00:00:00"
"353","331","22","2009-03-08 00:00:00"
"772","744","28","2009-03-09 00:00:00"
"810","784","26","2009-03-10 00:00:00"
"785","756","29","2009-03-11 00:00:00"
"835","799","36","2009-03-12 00:00:00"
"802","762","40","2009-03-13 00:00:00"
"374","344","30","2009-03-14 00:00:00"
"345","327","18","2009-03-15 00:00:00"
"793","759","34","2009-03-16 00:00:00"
"785","759","26","2009-03-17 00:00:00"
"801","762","39","2009-03-18 00:00:00"
"778","744","34","2009-03-19 00:00:00"
"804","773","31","2009-03-20 00:00:00"
"354","338","16","2009-03-21 00:00:00"
"307","293","14","2009-03-22 00:00:00"
"794","767","27","2009-03-23 00:00:00"
"842","804","38","2009-03-24 00:00:00"
"894","865","29","2009-03-25 00:00:00"
"832","796","36","2009-03-26 00:00:00"
"793","766","27","2009-03-27 00:00:00"
"392","374","18","2009-03-28 00:00:00"
"351","334","17","2009-03-29 00:00:00"
"792","771","21","2009-03-30 00:00:00"
"827","794","33","2009-03-31 00:00:00"
"884","851","33","2009-04-01 00:00:00"
"910","869","41","2009-04-02 00:00:00"
"781","743","38","2009-04-03 00:00:00"
"369","354","15","2009-04-04 00:00:00"
"371","349","22","2009-04-05 00:00:00"
"765","733","32","2009-04-06 00:00:00"
"889","852","37","2009-04-07 00:00:00"
"899","861","38","2009-04-08 00:00:00"
"828","795","33","2009-04-09 00:00:00"
"579","551","28","2009-04-10 00:00:00"
"372","358","14","2009-04-11 00:00:00"
"337","329","8","2009-04-12 00:00:00"
"656","627","29","2009-04-13 00:00:00"
"776","754","22","2009-04-14 00:00:00"
"877","829","48","2009-04-15 00:00:00"
"837","808","29","2009-04-16 00:00:00"
"856","820","36","2009-04-17 00:00:00"
"372","355","17","2009-04-18 00:00:00"
"393","371","22","2009-04-19 00:00:00"
"849","816","33","2009-04-20 00:00:00"
"977","937","40","2009-04-21 00:00:00"
"914","865","49","2009-04-22 00:00:00"
"894","858","36","2009-04-23 00:00:00"
"812","779","33","2009-04-24 00:00:00"
"437","421","16","2009-04-25 00:00:00"
"395","376","19","2009-04-26 00:00:00"
"835","808","27","2009-04-27 00:00:00"
"964","934","30","2009-04-28 00:00:00"
"925","886","39","2009-04-29 00:00:00"
"1008","966","42","2009-04-30 00:00:00"
"796","773","23","2009-05-01 00:00:00"
"419","395","24","2009-05-02 00:00:00"
"479","461","18","2009-05-03 00:00:00"
"920","889","31","2009-05-04 00:00:00"
"1049","1010","39","2009-05-05 00:00:00"
"1058","1030","28","2009-05-06 00:00:00"
"1137","1089","48","2009-05-07 00:00:00"
"1025","991","34","2009-05-08 00:00:00"
"444","418","26","2009-05-09 00:00:00"
"403","388","15","2009-05-10 00:00:00"
"952","909","43","2009-05-11 00:00:00"
"1105","1063","42","2009-05-12 00:00:00"
"1171","1133","38","2009-05-13 00:00:00"
"1130","1079","51","2009-05-14 00:00:00"
"1003","961","42","2009-05-15 00:00:00"
"439","427","12","2009-05-16 00:00:00"
"445","434","11","2009-05-17 00:00:00"
"996","957","39","2009-05-18 00:00:00"
"1138","1096","42","2009-05-19 00:00:00"
"1116","1077","39","2009-05-20 00:00:00"
"1068","1032","36","2009-05-21 00:00:00"
"981","952","29","2009-05-22 00:00:00"
"457","435","22","2009-05-23 00:00:00"
"432","418","14","2009-05-24 00:00:00"
"741","722","19","2009-05-25 00:00:00"
"1031","998","33","2009-05-26 00:00:00"
"1168","1143","25","2009-05-27 00:00:00"
"1161","1121","40","2009-05-28 00:00:00"
"1047","1009","38","2009-05-29 00:00:00"
"482","463","19","2009-05-30 00:00:00"
"449","429","20","2009-05-31 00:00:00"
"942","907","35","2009-06-01 00:00:00"
"1114","1078","36","2009-06-02 00:00:00"
"1165","1133","32","2009-06-03 00:00:00"
"1209","1162","47","2009-06-04 00:00:00"
"1011","972","39","2009-06-05 00:00:00"
"454","442","12","2009-06-06 00:00:00"
"436","420","16","2009-06-07 00:00:00"
"1019","985","34","2009-06-08 00:00:00"
"1180","1141","39","2009-06-09 00:00:00"
"1243","1201","42","2009-06-10 00:00:00"
"1202","1172","30","2009-06-11 00:00:00"
"1083","1044","39","2009-06-12 00:00:00"
"454","428","26","2009-06-13 00:00:00"
"439","424","15","2009-06-14 00:00:00"
"1070","1021","49","2009-06-15 00:00:00"
"1165","1121","44","2009-06-16 00:00:00"
"1197","1155","42","2009-06-17 00:00:00"
"1248","1203","45","2009-06-18 00:00:00"
"966","926","40","2009-06-19 00:00:00"
"453","427","26","2009-06-20 00:00:00"
"494","473","21","2009-06-21 00:00:00"
"1090","1043","47","2009-06-22 00:00:00"
"1273","1226","47","2009-06-23 00:00:00"
"1248","1200","48","2009-06-24 00:00:00"
"1167","1131","36","2009-06-25 00:00:00"
"1123","1086","37","2009-06-26 00:00:00"
"461","449","12","2009-06-27 00:00:00"
"496","473","23","2009-06-28 00:00:00"
"1137","1102","35","2009-06-29 00:00:00"
"1250","1195","55","2009-06-30 00:00:00"
"1149","1111","38","2009-07-01 00:00:00"
"1191","1139","52","2009-07-02 00:00:00"
"841","814","27","2009-07-03 00:00:00"
"425","399","26","2009-07-04 00:00:00"
"393","377","16","2009-07-05 00:00:00"
"1033","1004","29","2009-07-06 00:00:00"
"1274","1221","53","2009-07-07 00:00:00"
"1295","1247","48","2009-07-08 00:00:00"
"1289","1240","49","2009-07-09 00:00:00"
"1208","1164","44","2009-07-10 00:00:00"
"540","519","21","2009-07-11 00:00:00"
"472","450","22","2009-07-12 00:00:00"
"1183","1145","38","2009-07-13 00:00:00"
"1242","1193","49","2009-07-14 00:00:00"
"1365","1323","42","2009-07-15 00:00:00"
"1400","1352","48","2009-07-16 00:00:00"
"1202","1164","38","2009-07-17 00:00:00"
"578","552","26","2009-07-18 00:00:00"
"516","496","20","2009-07-19 00:00:00"
"1210","1173","37","2009-07-20 00:00:00"
"1316","1273","43","2009-07-21 00:00:00"
"1466","1412","54","2009-07-22 00:00:00"
"1421","1373","48","2009-07-23 00:00:00"
"1221","1180","41","2009-07-24 00:00:00"
"582","554","28","2009-07-25 00:00:00"
"540","524","16","2009-07-26 00:00:00"
"1225","1182","43","2009-07-27 00:00:00"
"1383","1330","53","2009-07-28 00:00:00"
"1437","1391","46","2009-07-29 00:00:00"
"1367","1308","59","2009-07-30 00:00:00"
"1236","1199","37","2009-07-31 00:00:00"
"542","525","17","2009-08-01 00:00:00"
"508","493","15","2009-08-02 00:00:00"
"1173","1140","33","2009-08-03 00:00:00"
"1220","1171","49","2009-08-04 00:00:00"
"1343","1306","37","2009-08-05 00:00:00"
"1401","1352","49","2009-08-06 00:00:00"
"1208","1169","39","2009-08-07 00:00:00"
"561","545","16","2009-08-08 00:00:00"
"550","526","24","2009-08-09 00:00:00"
"1223","1180","43","2009-08-10 00:00:00"
"1305","1274","31","2009-08-11 00:00:00"
"1362","1322","40","2009-08-12 00:00:00"
"1371","1330","41","2009-08-13 00:00:00"
"1266","1226","40","2009-08-14 00:00:00"
"503","485","18","2009-08-15 00:00:00"
"561","539","22","2009-08-16 00:00:00"
"1269","1235","34","2009-08-17 00:00:00"
"1412","1382","30","2009-08-18 00:00:00"
"1413","1363","50","2009-08-19 00:00:00"
"1453","1408","45","2009-08-20 00:00:00"
"1164","1126","38","2009-08-21 00:00:00"
"574","557","17","2009-08-22 00:00:00"
"542","518","24","2009-08-23 00:00:00"
"1262","1228","34","2009-08-24 00:00:00"
"1431","1395","36","2009-08-25 00:00:00"
"1510","1458","52","2009-08-26 00:00:00"
"1456","1412","44","2009-08-27 00:00:00"
"1276","1238","38","2009-08-28 00:00:00"
"605","585","20","2009-08-29 00:00:00"
"610","585","25","2009-08-30 00:00:00"
"1183","1148","35","2009-08-31 00:00:00"
"1254","1221","33","2009-09-01 00:00:00"
"1348","1311","37","2009-09-02 00:00:00"
"1421","1384","37","2009-09-03 00:00:00"
"1243","1208","35","2009-09-04 00:00:00"
"575","559","16","2009-09-05 00:00:00"
"567","544","23","2009-09-06 00:00:00"
"1031","1007","24","2009-09-07 00:00:00"
"1386","1348","38","2009-09-08 00:00:00"
"1399","1369","30","2009-09-09 00:00:00"
"1381","1344","37","2009-09-10 00:00:00"
"1283","1249","34","2009-09-11 00:00:00"
"586","570","16","2009-09-12 00:00:00"
"614","594","20","2009-09-13 00:00:00"
"1263","1236","27","2009-09-14 00:00:00"
"1373","1334","39","2009-09-15 00:00:00"
"1370","1340","30","2009-09-16 00:00:00"
"1390","1354","36","2009-09-17 00:00:00"
"1214","1182","32","2009-09-18 00:00:00"
"584","567","17","2009-09-19 00:00:00"
"589","565","24","2009-09-20 00:00:00"
"1226","1195","31","2009-09-21 00:00:00"
"1402","1363","39","2009-09-22 00:00:00"
"1399","1363","36","2009-09-23 00:00:00"
"1337","1307","30","2009-09-24 00:00:00"
"1230","1197","33","2009-09-25 00:00:00"
"552","534","18","2009-09-26 00:00:00"
"586","576","10","2009-09-27 00:00:00"
"1170","1143","27","2009-09-28 00:00:00"
"1364","1318","46","2009-09-29 00:00:00"
"1409","1372","37","2009-09-30 00:00:00"
"1354","1321","33","2009-10-01 00:00:00"
"1224","1193","31","2009-10-02 00:00:00"
"669","649","20","2009-10-03 00:00:00"
"607","588","19","2009-10-04 00:00:00"
"1277","1251","26","2009-10-05 00:00:00"
"1445","1405","40","2009-10-06 00:00:00"
"1450","1408","42","2009-10-07 00:00:00"
"1532","1487","45","2009-10-08 00:00:00"
"1274","1231","43","2009-10-09 00:00:00"
"630","617","13","2009-10-10 00:00:00"
"632","610","22","2009-10-11 00:00:00"
"1319","1279","40","2009-10-12 00:00:00"
"1490","1460","30","2009-10-13 00:00:00"
"1457","1413","44","2009-10-14 00:00:00"
"1433","1393","40","2009-10-15 00:00:00"
"1215","1181","34","2009-10-16 00:00:00"
"604","587","17","2009-10-17 00:00:00"
"628","606","22","2009-10-18 00:00:00"
"1302","1273","29","2009-10-19 00:00:00"
"1520","1471","49","2009-10-20 00:00:00"
"1497","1448","49","2009-10-21 00:00:00"
"1527","1482","45","2009-10-22 00:00:00"
"1392","1367","25","2009-10-23 00:00:00"
"690","668","22","2009-10-24 00:00:00"
"680","655","25","2009-10-25 00:00:00"
"1342","1310","32","2009-10-26 00:00:00"
"1548","1505","43","2009-10-27 00:00:00"
"1537","1502","35","2009-10-28 00:00:00"
"1522","1487","35","2009-10-29 00:00:00"
"1356","1330","26","2009-10-30 00:00:00"
"726","701","25","2009-10-31 00:00:00"
"642","623","19","2009-11-01 00:00:00"
"1349","1304","45","2009-11-02 00:00:00"
"1486","1440","46","2009-11-03 00:00:00"
"1609","1573","36","2009-11-04 00:00:00"
"1610","1581","29","2009-11-05 00:00:00"
"1500","1460","40","2009-11-06 00:00:00"
"734","712","22","2009-11-07 00:00:00"
"766","744","22","2009-11-08 00:00:00"
"1500","1467","33","2009-11-09 00:00:00"
"1721","1670","51","2009-11-10 00:00:00"
"1624","1573","51","2009-11-11 00:00:00"
"1687","1625","62","2009-11-12 00:00:00"
"1469","1429","40","2009-11-13 00:00:00"
"811","779","32","2009-11-14 00:00:00"
"740","717","23","2009-11-15 00:00:00"
"1524","1475","49","2009-11-16 00:00:00"
"1646","1605","41","2009-11-17 00:00:00"
"1716","1677","39","2009-11-18 00:00:00"
"1760","1711","49","2009-11-19 00:00:00"
"1471","1433","38","2009-11-20 00:00:00"
"760","734","26","2009-11-21 00:00:00"
"730","702","28","2009-11-22 00:00:00"
"1542","1505","37","2009-11-23 00:00:00"
"1631","1581","50","2009-11-24 00:00:00"
"1722","1674","48","2009-11-25 00:00:00"
"1325","1288","37","2009-11-26 00:00:00"
"1135","1105","30","2009-11-27 00:00:00"
"734","712","22","2009-11-28 00:00:00"
"730","717","13","2009-11-29 00:00:00"
"1486","1452","34","2009-11-30 00:00:00"
"1613","1574","39","2009-12-01 00:00:00"
"1716","1666","50","2009-12-02 00:00:00"
"1632","1588","44","2009-12-03 00:00:00"
"1502","1467","35","2009-12-04 00:00:00"
"792","773","19","2009-12-05 00:00:00"
"693","677","16","2009-12-06 00:00:00"
"1529","1499","30","2009-12-07 00:00:00"
"1614","1572","42","2009-12-08 00:00:00"
"1630","1590","40","2009-12-09 00:00:00"
"1695","1653","42","2009-12-10 00:00:00"
"1527","1488","39","2009-12-11 00:00:00"
"754","736","18","2009-12-12 00:00:00"
"734","709","25","2009-12-13 00:00:00"
"1469","1433","36","2009-12-14 00:00:00"
"1671","1628","43","2009-12-15 00:00:00"
"1737","1688","49","2009-12-16 00:00:00"
"1614","1581","33","2009-12-17 00:00:00"
"1393","1351","42","2009-12-18 00:00:00"
"707","690","17","2009-12-19 00:00:00"
"681","658","23","2009-12-20 00:00:00"
"1405","1372","33","2009-12-21 00:00:00"
"1530","1484","46","2009-12-22 00:00:00"
"1426","1392","34","2009-12-23 00:00:00"
"957","916","41","2009-12-24 00:00:00"
"495","476","19","2009-12-25 00:00:00"
"531","518","13","2009-12-26 00:00:00"
"663","641","22","2009-12-27 00:00:00"
"1117","1080","37","2009-12-28 00:00:00"
"1310","1271","39","2009-12-29 00:00:00"
"1297","1263","34","2009-12-30 00:00:00"
"998","971","27","2009-12-31 00:00:00"
"620","604","16","2010-01-01 00:00:00"
"759","731","28","2010-01-02 00:00:00"
"776","756","20","2010-01-03 00:00:00"
"1542","1505","37","2010-01-04 00:00:00"
"1609","1579","30","2010-01-05 00:00:00"
"1756","1717","39","2010-01-06 00:00:00"
"1830","1761","69","2010-01-07 00:00:00"
"1639","1588","51","2010-01-08 00:00:00"
"888","864","24","2010-01-09 00:00:00"
"921","892","29","2010-01-10 00:00:00"
"1620","1581","39","2010-01-11 00:00:00"
"1846","1798","48","2010-01-12 00:00:00"
"1930","1867","63","2010-01-13 00:00:00"
"1826","1788","38","2010-01-14 00:00:00"
"1716","1666","50","2010-01-15 00:00:00"
"948","921","27","2010-01-16 00:00:00"
"907","884","23","2010-01-17 00:00:00"
"1729","1689","40","2010-01-18 00:00:00"
"1951","1896","55","2010-01-19 00:00:00"
"1922","1867","55","2010-01-20 00:00:00"
"2007","1955","52","2010-01-21 00:00:00"
"1769","1720","49","2010-01-22 00:00:00"
"949","922","27","2010-01-23 00:00:00"
"1029","1002","27","2010-01-24 00:00:00"
"1790","1738","52","2010-01-25 00:00:00"
"1758","1714","44","2010-01-26 00:00:00"
"1934","1870","64","2010-01-27 00:00:00"
"1897","1854","43","2010-01-28 00:00:00"
"1835","1796","39","2010-01-29 00:00:00"
"947","910","37","2010-01-30 00:00:00"
"1020","990","30","2010-01-31 00:00:00"
"1784","1741","43","2010-02-01 00:00:00"
"1999","1942","57","2010-02-02 00:00:00"
"1961","1912","49","2010-02-03 00:00:00"
"1942","1894","48","2010-02-04 00:00:00"
"1776","1728","48","2010-02-05 00:00:00"
"927","890","37","2010-02-06 00:00:00"
"879","863","16","2010-02-07 00:00:00"
"1740","1703","37","2010-02-08 00:00:00"
"1973","1911","62","2010-02-09 00:00:00"
"2036","1979","57","2010-02-10 00:00:00"
"1911","1870","41","2010-02-11 00:00:00"
"1828","1778","50","2010-02-12 00:00:00"
"949","917","32","2010-02-13 00:00:00"
"917","887","30","2010-02-14 00:00:00"
"1644","1595","49","2010-02-15 00:00:00"
"1914","1846","68","2010-02-16 00:00:00"
"2080","2032","48","2010-02-17 00:00:00"
"2013","1969","44","2010-02-18 00:00:00"
"1854","1803","51","2010-02-19 00:00:00"
"952","925","27","2010-02-20 00:00:00"
"945","921","24","2010-02-21 00:00:00"
"1887","1849","38","2010-02-22 00:00:00"
"1962","1915","47","2010-02-23 00:00:00"
"2061","2006","55","2010-02-24 00:00:00"
"1999","1946","53","2010-02-25 00:00:00"
"1758","1710","48","2010-02-26 00:00:00"
"960","928","32","2010-02-27 00:00:00"
"930","900","30","2010-02-28 00:00:00"
"1766","1717","49","2010-03-01 00:00:00"
"1992","1936","56","2010-03-02 00:00:00"
"2115","2061","54","2010-03-03 00:00:00"
"2049","2005","44","2010-03-04 00:00:00"
"1868","1823","45","2010-03-05 00:00:00"
"977","944","33","2010-03-06 00:00:00"
"1007","984","23","2010-03-07 00:00:00"
"1912","1868","44","2010-03-08 00:00:00"
"2039","1996","43","2010-03-09 00:00:00"
"2095","2041","54","2010-03-10 00:00:00"
"2081","2026","55","2010-03-11 00:00:00"
"1805","1762","43","2010-03-12 00:00:00"
"1030","999","31","2010-03-13 00:00:00"
"975","948","27","2010-03-14 00:00:00"
"1831","1782","49","2010-03-15 00:00:00"
"2052","1999","53","2010-03-16 00:00:00"
"2024","1989","35","2010-03-17 00:00:00"
"1952","1907","45","2010-03-18 00:00:00"
"1850","1815","35","2010-03-19 00:00:00"
"1015","991","24","2010-03-20 00:00:00"
"994","983","11","2010-03-21 00:00:00"
"1879","1825","54","2010-03-22 00:00:00"
"2081","2036","45","2010-03-23 00:00:00"
"2048","2007","41","2010-03-24 00:00:00"
"2046","2009","37","2010-03-25 00:00:00"
"1866","1822","44","2010-03-26 00:00:00"
"980","953","27","2010-03-27 00:00:00"
"991","963","28","2010-03-28 00:00:00"
"1850","1819","31","2010-03-29 00:00:00"
"1958","1913","45","2010-03-30 00:00:00"
"1990","1941","49","2010-03-31 00:00:00"
"1814","1774","40","2010-04-01 00:00:00"
"1396","1370","26","2010-04-02 00:00:00"
"849","833","16","2010-04-03 00:00:00"
"854","833","21","2010-04-04 00:00:00"
"1504","1474","30","2010-04-05 00:00:00"
"1900","1861","39","2010-04-06 00:00:00"
"2046","2022","24","2010-04-07 00:00:00"
"2015","1969","46","2010-04-08 00:00:00"
"1934","1888","46","2010-04-09 00:00:00"
"977","952","25","2010-04-10 00:00:00"
"971","944","27","2010-04-11 00:00:00"
"1866","1807","59","2010-04-12 00:00:00"
"2099","2039","60","2010-04-13 00:00:00"
"2100","2054","46","2010-04-14 00:00:00"
"2136","2081","55","2010-04-15 00:00:00"
"1871","1822","49","2010-04-16 00:00:00"
"1008","970","38","2010-04-17 00:00:00"
"1032","998","34","2010-04-18 00:00:00"
"1933","1889","44","2010-04-19 00:00:00"
"2112","2070","42","2010-04-20 00:00:00"
"2156","2110","46","2010-04-21 00:00:00"
"2213","2151","62","2010-04-22 00:00:00"
"1964","1917","47","2010-04-23 00:00:00"
"1069","1040","29","2010-04-24 00:00:00"
"1012","982","30","2010-04-25 00:00:00"
"1999","1949","50","2010-04-26 00:00:00"
"2197","2136","61","2010-04-27 00:00:00"
"2140","2075","65","2010-04-28 00:00:00"
"2018","1980","38","2010-04-29 00:00:00"
"1798","1752","46","2010-04-30 00:00:00"
"954","933","21","2010-05-01 00:00:00"
"948","927","21","2010-05-02 00:00:00"
"1775","1737","38","2010-05-03 00:00:00"
"2064","2031","33","2010-05-04 00:00:00"
"2099","2056","43","2010-05-05 00:00:00"
"2098","2060","38","2010-05-06 00:00:00"
"1835","1804","31","2010-05-07 00:00:00"
"998","990","8","2010-05-08 00:00:00"
"960","946","14","2010-05-09 00:00:00"
"1989","1932","57","2010-05-10 00:00:00"
"2122","2087","35","2010-05-11 00:00:00"
"2236","2193","43","2010-05-12 00:00:00"
"1996","1966","30","2010-05-13 00:00:00"
"1918","1880","38","2010-05-14 00:00:00"
"957","933","24","2010-05-15 00:00:00"
"1056","1027","29","2010-05-16 00:00:00"
"2103","2047","56","2010-05-17 00:00:00"
"2180","2120","60","2010-05-18 00:00:00"
"2174","2123","51","2010-05-19 00:00:00"
"2294","2251","43","2010-05-20 00:00:00"
"2009","1969","40","2010-05-21 00:00:00"
"1032","1002","30","2010-05-22 00:00:00"
"1017","981","36","2010-05-23 00:00:00"
"1930","1868","62","2010-05-24 00:00:00"
"2147","2083","64","2010-05-25 00:00:00"
"2295","2229","66","2010-05-26 00:00:00"
"2200","2134","66","2010-05-27 00:00:00"
"1913","1861","52","2010-05-28 00:00:00"
"1074","1044","30","2010-05-29 00:00:00"
"982","946","36","2010-05-30 00:00:00"
"1646","1588","58","2010-05-31 00:00:00"
"2134","2066","68","2010-06-01 00:00:00"
"2281","2212","69","2010-06-02 00:00:00"
"2244","2171","73","2010-06-03 00:00:00"
"2116","2026","90","2010-06-04 00:00:00"
"1093","1052","41","2010-06-05 00:00:00"
"1041","1006","35","2010-06-06 00:00:00"
"2130","2062","68","2010-06-07 00:00:00"
"2285","2219","66","2010-06-08 00:00:00"
"2345","2287","58","2010-06-09 00:00:00"
"2378","2322","56","2010-06-10 00:00:00"
"2068","1999","69","2010-06-11 00:00:00"
"979","953","26","2010-06-12 00:00:00"
"1066","1034","32","2010-06-13 00:00:00"
"2027","1968","59","2010-06-14 00:00:00"
"2248","2175","73","2010-06-15 00:00:00"
"2244","2186","58","2010-06-16 00:00:00"
"2288","2224","64","2010-06-17 00:00:00"
"1953","1897","56","2010-06-18 00:00:00"
"1068","1029","39","2010-06-19 00:00:00"
"1044","1004","40","2010-06-20 00:00:00"
"2173","2115","58","2010-06-21 00:00:00"
"2352","2271","81","2010-06-22 00:00:00"
"2257","2198","59","2010-06-23 00:00:00"
"2254","2177","77","2010-06-24 00:00:00"
"2033","1978","55","2010-06-25 00:00:00"
"973","944","29","2010-06-26 00:00:00"
"962","936","26","2010-06-27 00:00:00"
"2131","2062","69","2010-06-28 00:00:00"
"2382","2304","78","2010-06-29 00:00:00"
"2401","2325","76","2010-06-30 00:00:00"
"2255","2186","69","2010-07-01 00:00:00"
"1986","1929","57","2010-07-02 00:00:00"
"982","946","36","2010-07-03 00:00:00"
"916","878","38","2010-07-04 00:00:00"
"1735","1696","39","2010-07-05 00:00:00"
"2292","2223","69","2010-07-06 00:00:00"
"2405","2321","84","2010-07-07 00:00:00"
"2466","2392","74","2010-07-08 00:00:00"
"2222","2155","67","2010-07-09 00:00:00"
"1124","1081","43","2010-07-10 00:00:00"
"1063","1025","38","2010-07-11 00:00:00"
"2310","2232","78","2010-07-12 00:00:00"
"2534","2466","68","2010-07-13 00:00:00"
"2545","2479","66","2010-07-14 00:00:00"
"2579","2507","72","2010-07-15 00:00:00"
"2370","2305","65","2010-07-16 00:00:00"
"1165","1130","35","2010-07-17 00:00:00"
"1059","1026","33","2010-07-18 00:00:00"
"2295","2221","74","2010-07-19 00:00:00"
"2588","2509","79","2010-07-20 00:00:00"
"2593","2508","85","2010-07-21 00:00:00"
"2606","2529","77","2010-07-22 00:00:00"
"2355","2279","76","2010-07-23 00:00:00"
"1115","1081","34","2010-07-24 00:00:00"
"1107","1066","41","2010-07-25 00:00:00"
"2341","2271","70","2010-07-26 00:00:00"
"2458","2384","74","2010-07-27 00:00:00"
"2635","2564","71","2010-07-28 00:00:00"
"2618","2529","89","2010-07-29 00:00:00"
"2293","2223","70","2010-07-30 00:00:00"
"1122","1085","37","2010-07-31 00:00:00"
"1089","1056","33","2010-08-01 00:00:00"
"2394","2320","74","2010-08-02 00:00:00"
"2444","2367","77","2010-08-03 00:00:00"
"2601","2535","66","2010-08-04 00:00:00"
"2567","2492","75","2010-08-05 00:00:00"
"2335","2266","69","2010-08-06 00:00:00"
"1044","1004","40","2010-08-07 00:00:00"
"1137","1088","49","2010-08-08 00:00:00"
"2428","2346","82","2010-08-09 00:00:00"
"2568","2498","70","2010-08-10 00:00:00"
"2547","2472","75","2010-08-11 00:00:00"
"2637","2561","76","2010-08-12 00:00:00"
"2341","2279","62","2010-08-13 00:00:00"
"1190","1149","41","2010-08-14 00:00:00"
"1175","1126","49","2010-08-15 00:00:00"
"2445","2369","76","2010-08-16 00:00:00"
"2673","2584","89","2010-08-17 00:00:00"
"2707","2625","82","2010-08-18 00:00:00"
"2716","2645","71","2010-08-19 00:00:00"
"2265","2204","61","2010-08-20 00:00:00"
"1078","1041","37","2010-08-21 00:00:00"
"1257","1213","44","2010-08-22 00:00:00"
"2418","2356","62","2010-08-23 00:00:00"
"2581","2514","67","2010-08-24 00:00:00"
"2544","2477","67","2010-08-25 00:00:00"
"2653","2577","76","2010-08-26 00:00:00"
"2332","2262","70","2010-08-27 00:00:00"
"1122","1089","33","2010-08-28 00:00:00"
"1146","1104","42","2010-08-29 00:00:00"
"2210","2145","65","2010-08-30 00:00:00"
"2472","2404","68","2010-08-31 00:00:00"
"2546","2470","76","2010-09-01 00:00:00"
"2544","2483","61","2010-09-02 00:00:00"
"2275","2198","77","2010-09-03 00:00:00"
"1177","1145","32","2010-09-04 00:00:00"
"1082","1040","42","2010-09-05 00:00:00"
"1935","1881","54","2010-09-06 00:00:00"
"2413","2339","74","2010-09-07 00:00:00"
"2649","2576","73","2010-09-08 00:00:00"
"2390","2317","73","2010-09-09 00:00:00"
"2196","2150","46","2010-09-10 00:00:00"
"1121","1084","37","2010-09-11 00:00:00"
"1107","1078","29","2010-09-12 00:00:00"
"2374","2299","75","2010-09-13 00:00:00"
"2449","2390","59","2010-09-14 00:00:00"
"2601","2521","80","2010-09-15 00:00:00"
"2549","2463","86","2010-09-16 00:00:00"
"2322","2245","77","2010-09-17 00:00:00"
"1203","1160","43","2010-09-18 00:00:00"
"1114","1076","38","2010-09-19 00:00:00"
"2389","2325","64","2010-09-20 00:00:00"
"2506","2435","71","2010-09-21 00:00:00"
"2544","2481","63","2010-09-22 00:00:00"
"2440","2366","74","2010-09-23 00:00:00"
"2383","2308","75","2010-09-24 00:00:00"
"1193","1142","51","2010-09-25 00:00:00"
"1229","1177","52","2010-09-26 00:00:00"
"2351","2290","61","2010-09-27 00:00:00"
"2575","2512","63","2010-09-28 00:00:00"
"2511","2449","62","2010-09-29 00:00:00"
"2485","2418","67","2010-09-30 00:00:00"
"2241","2185","56","2010-10-01 00:00:00"
"1208","1160","48","2010-10-02 00:00:00"
"1159","1129","30","2010-10-03 00:00:00"
"2293","2239","54","2010-10-04 00:00:00"
"2470","2406","64","2010-10-05 00:00:00"
"2639","2562","77","2010-10-06 00:00:00"
"2563","2495","68","2010-10-07 00:00:00"
"2365","2304","61","2010-10-08 00:00:00"
"954","913","41","2010-10-09 00:00:00"
"1277","1225","52","2010-10-10 00:00:00"
"2325","2249","76","2010-10-11 00:00:00"
"2564","2491","73","2010-10-12 00:00:00"
"2625","2546","79","2010-10-13 00:00:00"
"2705","2635","70","2010-10-14 00:00:00"
"2323","2250","73","2010-10-15 00:00:00"
"1213","1170","43","2010-10-16 00:00:00"
"1241","1192","49","2010-10-17 00:00:00"
"2423","2343","80","2010-10-18 00:00:00"
"2628","2544","84","2010-10-19 00:00:00"
"2685","2619","66","2010-10-20 00:00:00"
"2763","2693","70","2010-10-21 00:00:00"
"2489","2416","73","2010-10-22 00:00:00"
"1385","1341","44","2010-10-23 00:00:00"
"1264","1233","31","2010-10-24 00:00:00"
"2472","2390","82","2010-10-25 00:00:00"
"2608","2543","65","2010-10-26 00:00:00"
"2780","2718","62","2010-10-27 00:00:00"
"2643","2557","86","2010-10-28 00:00:00"
"2400","2327","73","2010-10-29 00:00:00"
"1295","1257","38","2010-10-30 00:00:00"
"1310","1265","45","2010-10-31 00:00:00"
"2368","2293","75","2010-11-01 00:00:00"
"2523","2440","83","2010-11-02 00:00:00"
"2688","2614","74","2010-11-03 00:00:00"
"2689","2613","76","2010-11-04 00:00:00"
"2363","2289","74","2010-11-05 00:00:00"
"1340","1293","47","2010-11-06 00:00:00"
"1323","1285","38","2010-11-07 00:00:00"
"2545","2467","78","2010-11-08 00:00:00"
"3075","2966","109","2010-11-09 00:00:00"
"2866","2795","71","2010-11-10 00:00:00"
"2886","2814","72","2010-11-11 00:00:00"
"2639","2554","85","2010-11-12 00:00:00"
"1525","1477","48","2010-11-13 00:00:00"
"1434","1393","41","2010-11-14 00:00:00"
"2681","2587","94","2010-11-15 00:00:00"
"2836","2747","89","2010-11-16 00:00:00"
"2810","2745","65","2010-11-17 00:00:00"
"2977","2893","84","2010-11-18 00:00:00"
"2671","2587","84","2010-11-19 00:00:00"
"1497","1449","48","2010-11-20 00:00:00"
"1516","1469","47","2010-11-21 00:00:00"
"2863","2783","80","2010-11-22 00:00:00"
"3045","2959","86","2010-11-23 00:00:00"
"2869","2773","96","2010-11-24 00:00:00"
"2560","2477","83","2010-11-25 00:00:00"
"2113","2059","54","2010-11-26 00:00:00"
"1541","1494","47","2010-11-27 00:00:00"
"1460","1411","49","2010-11-28 00:00:00"
"2662","2581","81","2010-11-29 00:00:00"
"2960","2866","94","2010-11-30 00:00:00"
"2951","2870","81","2010-12-01 00:00:00"
"3062","2972","90","2010-12-02 00:00:00"
"2734","2659","75","2010-12-03 00:00:00"
"1566","1512","54","2010-12-04 00:00:00"
"1600","1544","56","2010-12-05 00:00:00"
"2832","2749","83","2010-12-06 00:00:00"
"3032","2957","75","2010-12-07 00:00:00"
"2990","2917","73","2010-12-08 00:00:00"
"3000","2935","65","2010-12-09 00:00:00"
"2775","2701","74","2010-12-10 00:00:00"
"1517","1464","53","2010-12-11 00:00:00"
"1448","1411","37","2010-12-12 00:00:00"
"2794","2709","85","2010-12-13 00:00:00"
"3039","2951","88","2010-12-14 00:00:00"
"2991","2914","77","2010-12-15 00:00:00"
"2957","2870","87","2010-12-16 00:00:00"
"2531","2464","67","2010-12-17 00:00:00"
"1413","1365","48","2010-12-18 00:00:00"
"1444","1400","44","2010-12-19 00:00:00"
"2625","2535","90","2010-12-20 00:00:00"
"2759","2689","70","2010-12-21 00:00:00"
"2792","2718","74","2010-12-22 00:00:00"
"2368","2302","66","2010-12-23 00:00:00"
"1510","1451","59","2010-12-24 00:00:00"
"1021","985","36","2010-12-25 00:00:00"
"1099","1056","43","2010-12-26 00:00:00"
"1993","1936","57","2010-12-27 00:00:00"
"2232","2169","63","2010-12-28 00:00:00"
"2401","2346","55","2010-12-29 00:00:00"
"2317","2258","59","2010-12-30 00:00:00"
"1549","1502","47","2010-12-31 00:00:00"
"999","963","36","2011-01-01 00:00:00"
"1346","1300","46","2011-01-02 00:00:00"
"2316","2250","66","2011-01-03 00:00:00"
"2837","2756","81","2011-01-04 00:00:00"
"3071","3005","66","2011-01-05 00:00:00"
"3069","2984","85","2011-01-06 00:00:00"
"2897","2832","65","2011-01-07 00:00:00"
"1564","1513","51","2011-01-08 00:00:00"
"1628","1573","55","2011-01-09 00:00:00"
"2979","2898","81","2011-01-10 00:00:00"
"3254","3157","97","2011-01-11 00:00:00"
"3296","3210","86","2011-01-12 00:00:00"
"3316","3240","76","2011-01-13 00:00:00"
"2947","2886","61","2011-01-14 00:00:00"
"1615","1552","63","2011-01-15 00:00:00"
"1745","1690","55","2011-01-16 00:00:00"
"3054","2974","80","2011-01-17 00:00:00"
"3226","3134","92","2011-01-18 00:00:00"
"3403","3301","102","2011-01-19 00:00:00"
"3463","3358","105","2011-01-20 00:00:00"
"3170","3079","91","2011-01-21 00:00:00"
"1845","1786","59","2011-01-22 00:00:00"
"1711","1649","62","2011-01-23 00:00:00"
"3236","3154","82","2011-01-24 00:00:00"
"3352","3242","110","2011-01-25 00:00:00"
"3232","3137","95","2011-01-26 00:00:00"
"3458","3368","90","2011-01-27 00:00:00"
"3128","3059","69","2011-01-28 00:00:00"
"1757","1696","61","2011-01-29 00:00:00"
"1756","1690","66","2011-01-30 00:00:00"
"3235","3155","80","2011-01-31 00:00:00"
"3381","3269","112","2011-02-01 00:00:00"
"3458","3356","102","2011-02-02 00:00:00"
"3511","3426","85","2011-02-03 00:00:00"
"3078","2984","94","2011-02-04 00:00:00"
"1882","1820","62","2011-02-05 00:00:00"
"1893","1847","46","2011-02-06 00:00:00"
"3292","3199","93","2011-02-07 00:00:00"
"3492","3404","88","2011-02-08 00:00:00"
"3557","3464","93","2011-02-09 00:00:00"
"3570","3457","113","2011-02-10 00:00:00"
"3288","3194","94","2011-02-11 00:00:00"
"1794","1737","57","2011-02-12 00:00:00"
"1848","1802","46","2011-02-13 00:00:00"
"3269","3170","99","2011-02-14 00:00:00"
"3568","3468","100","2011-02-15 00:00:00"
"3743","3650","93","2011-02-16 00:00:00"
"3693","3588","105","2011-02-17 00:00:00"
"3336","3226","110","2011-02-18 00:00:00"
"1856","1811","45","2011-02-19 00:00:00"
"1955","1902","53","2011-02-20 00:00:00"
"3451","3355","96","2011-02-21 00:00:00"
"3840","3740","100","2011-02-22 00:00:00"
"3954","3842","112","2011-02-23 00:00:00"
"3772","3655","117","2011-02-24 00:00:00"
"3416","3315","101","2011-02-25 00:00:00"
"1909","1863","46","2011-02-26 00:00:00"
"1856","1801","55","2011-02-27 00:00:00"
"3479","3378","101","2011-02-28 00:00:00"
"3671","3555","116","2011-03-01 00:00:00"
"3813","3716","97","2011-03-02 00:00:00"
"3734","3614","120","2011-03-03 00:00:00"
"3536","3431","105","2011-03-04 00:00:00"
"2019","1959","60","2011-03-05 00:00:00"
"1965","1910","55","2011-03-06 00:00:00"
"3659","3548","111","2011-03-07 00:00:00"
"3836","3711","125","2011-03-08 00:00:00"
"4088","3974","114","2011-03-09 00:00:00"
"3883","3772","111","2011-03-10 00:00:00"
"3506","3396","110","2011-03-11 00:00:00"
"1889","1822","67","2011-03-12 00:00:00"
"1992","1923","69","2011-03-13 00:00:00"
"3762","3655","107","2011-03-14 00:00:00"
"3905","3812","93","2011-03-15 00:00:00"
"3987","3877","110","2011-03-16 00:00:00"
"3856","3759","97","2011-03-17 00:00:00"
"3541","3428","113","2011-03-18 00:00:00"
"1954","1903","51","2011-03-19 00:00:00"
"1980","1928","52","2011-03-20 00:00:00"
"3677","3561","116","2011-03-21 00:00:00"
"4130","4000","130","2011-03-22 00:00:00"
"4080","3971","109","2011-03-23 00:00:00"
"3915","3812","103","2011-03-24 00:00:00"
"3496","3375","121","2011-03-25 00:00:00"
"1973","1903","70","2011-03-26 00:00:00"
"2103","2037","66","2011-03-27 00:00:00"
"3763","3665","98","2011-03-28 00:00:00"
"3978","3851","127","2011-03-29 00:00:00"
"3835","3734","101","2011-03-30 00:00:00"
"4052","3937","115","2011-03-31 00:00:00"
"3480","3364","116","2011-04-01 00:00:00"
"1926","1859","67","2011-04-02 00:00:00"
"1998","1935","63","2011-04-03 00:00:00"
"3655","3521","134","2011-04-04 00:00:00"
"4144","4029","115","2011-04-05 00:00:00"
"4218","4099","119","2011-04-06 00:00:00"
"4160","4044","116","2011-04-07 00:00:00"
"3648","3537","111","2011-04-08 00:00:00"
"1996","1920","76","2011-04-09 00:00:00"
"1992","1914","78","2011-04-10 00:00:00"
"3891","3765","126","2011-04-11 00:00:00"
"4137","4023","114","2011-04-12 00:00:00"
"4071","3953","118","2011-04-13 00:00:00"
"4061","3945","116","2011-04-14 00:00:00"
"3601","3494","107","2011-04-15 00:00:00"
"2063","1985","78","2011-04-16 00:00:00"
"2028","1956","72","2011-04-17 00:00:00"
"3774","3669","105","2011-04-18 00:00:00"
"4116","3976","140","2011-04-19 00:00:00"
"4120","4009","111","2011-04-20 00:00:00"
"3741","3627","114","2011-04-21 00:00:00"
"2947","2848","99","2011-04-22 00:00:00"
"1964","1882","82","2011-04-23 00:00:00"
"1827","1764","63","2011-04-24 00:00:00"
"3087","2987","100","2011-04-25 00:00:00"
"3883","3767","116","2011-04-26 00:00:00"
"4214","4081","133","2011-04-27 00:00:00"
"4090","3962","128","2011-04-28 00:00:00"
"3473","3359","114","2011-04-29 00:00:00"
"2065","1997","68","2011-04-30 00:00:00"
"2070","1972","98","2011-05-01 00:00:00"
"3423","3316","107","2011-05-02 00:00:00"
"3883","3761","122","2011-05-03 00:00:00"
"4093","3948","145","2011-05-04 00:00:00"
"4169","4053","116","2011-05-05 00:00:00"
"3713","3603","110","2011-05-06 00:00:00"
"1963","1897","66","2011-05-07 00:00:00"
"1905","1840","65","2011-05-08 00:00:00"
"3773","3656","117","2011-05-09 00:00:00"
"4130","4004","126","2011-05-10 00:00:00"
"4243","4130","113","2011-05-11 00:00:00"
"4115","3994","121","2011-05-12 00:00:00"
"3793","3659","134","2011-05-13 00:00:00"
"1934","1861","73","2011-05-14 00:00:00"
"1927","1833","94","2011-05-15 00:00:00"
"3780","3640","140","2011-05-16 00:00:00"
"4015","3880","135","2011-05-17 00:00:00"
"4109","4007","102","2011-05-18 00:00:00"
"4044","3904","140","2011-05-19 00:00:00"
"3697","3569","128","2011-05-20 00:00:00"
"1891","1807","84","2011-05-21 00:00:00"
"1913","1853","60","2011-05-22 00:00:00"
"3827","3720","107","2011-05-23 00:00:00"
"4071","3944","127","2011-05-24 00:00:00"
"4140","4012","128","2011-05-25 00:00:00"
"4183","4065","118","2011-05-26 00:00:00"
"3534","3435","99","2011-05-27 00:00:00"
"1830","1769","61","2011-05-28 00:00:00"
"1802","1732","70","2011-05-29 00:00:00"
"3128","3039","89","2011-05-30 00:00:00"
"3824","3709","115","2011-05-31 00:00:00"
"4126","4002","124","2011-06-01 00:00:00"
"3710","3586","124","2011-06-02 00:00:00"
"3518","3393","125","2011-06-03 00:00:00"
"1867","1819","48","2011-06-04 00:00:00"
"1953","1890","63","2011-06-05 00:00:00"
"3812","3682","130","2011-06-06 00:00:00"
"3908","3776","132","2011-06-07 00:00:00"
"4077","3949","128","2011-06-08 00:00:00"
"4164","4027","137","2011-06-09 00:00:00"
"3641","3535","106","2011-06-10 00:00:00"
"1785","1726","59","2011-06-11 00:00:00"
"1849","1778","71","2011-06-12 00:00:00"
"3631","3514","117","2011-06-13 00:00:00"
"3992","3876","116","2011-06-14 00:00:00"
"4158","4050","108","2011-06-15 00:00:00"
"4168","4047","121","2011-06-16 00:00:00"
"3676","3565","111","2011-06-17 00:00:00"
"1991","1924","67","2011-06-18 00:00:00"
"1814","1758","56","2011-06-19 00:00:00"
"3880","3751","129","2011-06-20 00:00:00"
"4219","4074","145","2011-06-21 00:00:00"
"4229","4093","136","2011-06-22 00:00:00"
"4102","3967","135","2011-06-23 00:00:00"
"3656","3537","119","2011-06-24 00:00:00"
"1846","1771","75","2011-06-25 00:00:00"
"1837","1774","63","2011-06-26 00:00:00"
"3788","3677","111","2011-06-27 00:00:00"
"4071","3944","127","2011-06-28 00:00:00"
"4170","4054","116","2011-06-29 00:00:00"
"4036","3911","125","2011-06-30 00:00:00"
"3403","3308","95","2011-07-01 00:00:00"
"1749","1693","56","2011-07-02 00:00:00"
"1794","1733","61","2011-07-03 00:00:00"
"3187","3088","99","2011-07-04 00:00:00"
"3940","3828","112","2011-07-05 00:00:00"
"4165","4039","126","2011-07-06 00:00:00"
"4226","4113","113","2011-07-07 00:00:00"
"3836","3708","128","2011-07-08 00:00:00"
"1893","1808","85","2011-07-09 00:00:00"
"1867","1793","74","2011-07-10 00:00:00"
"4055","3936","119","2011-07-11 00:00:00"
"4271","4151","120","2011-07-12 00:00:00"
"4251","4101","150","2011-07-13 00:00:00"
"4266","4118","148","2011-07-14 00:00:00"
"3765","3643","122","2011-07-15 00:00:00"
"1928","1854","74","2011-07-16 00:00:00"
"1892","1813","79","2011-07-17 00:00:00"
"3951","3816","135","2011-07-18 00:00:00"
"4287","4158","129","2011-07-19 00:00:00"
"4206","4078","128","2011-07-20 00:00:00"
"4228","4090","138","2011-07-21 00:00:00"
"3806","3675","131","2011-07-22 00:00:00"
"1954","1879","75","2011-07-23 00:00:00"
"1894","1829","65","2011-07-24 00:00:00"
"3936","3799","137","2011-07-25 00:00:00"
"4250","4112","138","2011-07-26 00:00:00"
"4374","4224","150","2011-07-27 00:00:00"
"4259","4113","146","2011-07-28 00:00:00"
"3793","3669","124","2011-07-29 00:00:00"
"1905","1822","83","2011-07-30 00:00:00"
"1890","1817","73","2011-07-31 00:00:00"
"3851","3727","124","2011-08-01 00:00:00"
"4266","4123","143","2011-08-02 00:00:00"
"4304","4147","157","2011-08-03 00:00:00"
"4554","4412","142","2011-08-04 00:00:00"
"3987","3865","122","2011-08-05 00:00:00"
"1764","1716","48","2011-08-06 00:00:00"
"1968","1883","85","2011-08-07 00:00:00"
"3978","3827","151","2011-08-08 00:00:00"
"4311","4173","138","2011-08-09 00:00:00"
"4438","4300","138","2011-08-10 00:00:00"
"4458","4320","138","2011-08-11 00:00:00"
"3903","3772","131","2011-08-12 00:00:00"
"1919","1849","70","2011-08-13 00:00:00"
"1904","1828","76","2011-08-14 00:00:00"
"3536","3418","118","2011-08-15 00:00:00"
"4214","4085","129","2011-08-16 00:00:00"
"4305","4171","134","2011-08-17 00:00:00"
"4265","4121","144","2011-08-18 00:00:00"
"3896","3748","148","2011-08-19 00:00:00"
"2040","1959","81","2011-08-20 00:00:00"
"1963","1875","88","2011-08-21 00:00:00"
"3823","3687","136","2011-08-22 00:00:00"
"4181","4039","142","2011-08-23 00:00:00"
"4348","4184","164","2011-08-24 00:00:00"
"4367","4217","150","2011-08-25 00:00:00"
"3772","3650","122","2011-08-26 00:00:00"
"1923","1850","73","2011-08-27 00:00:00"
"1955","1880","75","2011-08-28 00:00:00"
"3670","3511","159","2011-08-29 00:00:00"
"3991","3853","138","2011-08-30 00:00:00"
"4079","3947","132","2011-08-31 00:00:00"
"3898","3767","131","2011-09-01 00:00:00"
"3655","3547","108","2011-09-02 00:00:00"
"1851","1776","75","2011-09-03 00:00:00"
"1870","1816","54","2011-09-04 00:00:00"
"3282","3158","124","2011-09-05 00:00:00"
"4116","3970","146","2011-09-06 00:00:00"
"4335","4175","160","2011-09-07 00:00:00"
"4228","4090","138","2011-09-08 00:00:00"
"3747","3618","129","2011-09-09 00:00:00"
"2042","1963","79","2011-09-10 00:00:00"
"2007","1931","76","2011-09-11 00:00:00"
"3918","3771","147","2011-09-12 00:00:00"
"4322","4160","162","2011-09-13 00:00:00"
"4287","4126","161","2011-09-14 00:00:00"
"4208","4046","162","2011-09-15 00:00:00"
"3764","3633","131","2011-09-16 00:00:00"
"2078","1985","93","2011-09-17 00:00:00"
"1948","1861","87","2011-09-18 00:00:00"
"4022","3882","140","2011-09-19 00:00:00"
"4287","4125","162","2011-09-20 00:00:00"
"4391","4235","156","2011-09-21 00:00:00"
"4337","4192","145","2011-09-22 00:00:00"
"3870","3728","142","2011-09-23 00:00:00"
"2059","1998","61","2011-09-24 00:00:00"
"2010","1926","84","2011-09-25 00:00:00"
"4020","3879","141","2011-09-26 00:00:00"
"4134","3994","140","2011-09-27 00:00:00"
"4266","4112","154","2011-09-28 00:00:00"
"4045","3919","126","2011-09-29 00:00:00"
"3765","3623","142","2011-09-30 00:00:00"
"1890","1826","64","2011-10-01 00:00:00"
"1904","1829","75","2011-10-02 00:00:00"
"3578","3459","119","2011-10-03 00:00:00"
"4030","3901","129","2011-10-04 00:00:00"
"4092","3975","117","2011-10-05 00:00:00"
"3921","3827","94","2011-10-06 00:00:00"
"3656","3545","111","2011-10-07 00:00:00"
"1915","1847","68","2011-10-08 00:00:00"
"2088","2014","74","2011-10-09 00:00:00"
"3802","3684","118","2011-10-10 00:00:00"
"4204","4058","146","2011-10-11 00:00:00"
"4225","4078","147","2011-10-12 00:00:00"
"4159","4018","141","2011-10-13 00:00:00"
"3891","3739","152","2011-10-14 00:00:00"
"2079","2021","58","2011-10-15 00:00:00"
"2068","1992","76","2011-10-16 00:00:00"
"3898","3764","134","2011-10-17 00:00:00"
"4300","4164","136","2011-10-18 00:00:00"
"4411","4267","144","2011-10-19 00:00:00"
"4266","4130","136","2011-10-20 00:00:00"
"3896","3777","119","2011-10-21 00:00:00"
"2127","2043","84","2011-10-22 00:00:00"
"2071","1984","87","2011-10-23 00:00:00"
"3991","3873","118","2011-10-24 00:00:00"
"4171","4041","130","2011-10-25 00:00:00"
"3868","3760","108","2011-10-26 00:00:00"
"4109","3987","122","2011-10-27 00:00:00"
"3615","3521","94","2011-10-28 00:00:00"
"1944","1882","62","2011-10-29 00:00:00"
"1963","1884","79","2011-10-30 00:00:00"
"3781","3671","110","2011-10-31 00:00:00"
"4075","3955","120","2011-11-01 00:00:00"
"4304","4166","138","2011-11-02 00:00:00"
"4386","4269","117","2011-11-03 00:00:00"
"4110","4000","110","2011-11-04 00:00:00"
"2113","2039","74","2011-11-05 00:00:00"
"2141","2058","83","2011-11-06 00:00:00"
"3965","3846","119","2011-11-07 00:00:00"
"4292","4157","135","2011-11-08 00:00:00"
"4366","4218","148","2011-11-09 00:00:00"
"4409","4267","142","2011-11-10 00:00:00"
"3934","3803","131","2011-11-11 00:00:00"
"2101","1993","108","2011-11-12 00:00:00"
"2195","2099","96","2011-11-13 00:00:00"
"4190","4040","150","2011-11-14 00:00:00"
"4404","4261","143","2011-11-15 00:00:00"
"4692","4552","140","2011-11-16 00:00:00"
"4631","4484","147","2011-11-17 00:00:00"
"4181","4018","163","2011-11-18 00:00:00"
"2314","2240","74","2011-11-19 00:00:00"
"2308","2226","82","2011-11-20 00:00:00"
"4327","4169","158","2011-11-21 00:00:00"
"4613","4415","198","2011-11-22 00:00:00"
"4504","4343","161","2011-11-23 00:00:00"
"3898","3760","138","2011-11-24 00:00:00"
"3502","3348","154","2011-11-25 00:00:00"
"2179","2101","78","2011-11-26 00:00:00"
"2222","2138","84","2011-11-27 00:00:00"
"4194","4038","156","2011-11-28 00:00:00"
"4596","4469","127","2011-11-29 00:00:00"
"4585","4426","159","2011-11-30 00:00:00"
"4475","4313","162","2011-12-01 00:00:00"
"4152","3982","170","2011-12-02 00:00:00"
"2302","2199","103","2011-12-03 00:00:00"
"2252","2155","97","2011-12-04 00:00:00"
"4213","4052","161","2011-12-05 00:00:00"
"4578","4421","157","2011-12-06 00:00:00"
"4796","4640","156","2011-12-07 00:00:00"
"4497","4303","194","2011-12-08 00:00:00"
"4013","3885","128","2011-12-09 00:00:00"
"2309","2201","108","2011-12-10 00:00:00"
"2287","2200","87","2011-12-11 00:00:00"
"4284","4111","173","2011-12-12 00:00:00"
"4618","4465","153","2011-12-13 00:00:00"
"4621","4483","138","2011-12-14 00:00:00"
"4439","4278","161","2011-12-15 00:00:00"
"3902","3772","130","2011-12-16 00:00:00"
"2211","2144","67","2011-12-17 00:00:00"
"2089","2018","71","2011-12-18 00:00:00"
"4119","3998","121","2011-12-19 00:00:00"
"4229","4091","138","2011-12-20 00:00:00"
"4273","4119","154","2011-12-21 00:00:00"
"3839","3691","148","2011-12-22 00:00:00"
"3171","3071","100","2011-12-23 00:00:00"
"1710","1637","73","2011-12-24 00:00:00"
"1366","1312","54","2011-12-25 00:00:00"
"2383","2322","61","2011-12-26 00:00:00"
"3125","3013","112","2011-12-27 00:00:00"
"3624","3497","127","2011-12-28 00:00:00"
"3632","3502","130","2011-12-29 00:00:00"
"3096","2966","130","2011-12-30 00:00:00"
"1753","1682","71","2011-12-31 00:00:00"
"1549","1496","53","2012-01-01 00:00:00"
"3022","2893","129","2012-01-02 00:00:00"
"4046","3902","144","2012-01-03 00:00:00"
"4494","4339","155","2012-01-04 00:00:00"
"4698","4545","153","2012-01-05 00:00:00"
"4151","4036","115","2012-01-06 00:00:00"
"2466","2374","92","2012-01-07 00:00:00"
"2464","2379","85","2012-01-08 00:00:00"
"4352","4186","166","2012-01-09 00:00:00"
"4604","4444","160","2012-01-10 00:00:00"
"4792","4639","153","2012-01-11 00:00:00"
"4798","4636","162","2012-01-12 00:00:00"
"4401","4263","138","2012-01-13 00:00:00"
"2287","2186","101","2012-01-14 00:00:00"
"2449","2366","83","2012-01-15 00:00:00"
"4145","4027","118","2012-01-16 00:00:00"
"4615","4457","158","2012-01-17 00:00:00"
"4651","4495","156","2012-01-18 00:00:00"
"4724","4560","164","2012-01-19 00:00:00"
"4267","4122","145","2012-01-20 00:00:00"
"2506","2414","92","2012-01-21 00:00:00"
"2441","2361","80","2012-01-22 00:00:00"
"4368","4214","154","2012-01-23 00:00:00"
"4826","4638","188","2012-01-24 00:00:00"
"4845","4695","150","2012-01-25 00:00:00"
"4547","4422","125","2012-01-26 00:00:00"
"4257","4105","152","2012-01-27 00:00:00"
"2474","2382","92","2012-01-28 00:00:00"
"2494","2418","76","2012-01-29 00:00:00"
"4505","4365","140","2012-01-30 00:00:00"
"4945","4782","163","2012-01-31 00:00:00"
"4924","4743","181","2012-02-01 00:00:00"
"4981","4818","163","2012-02-02 00:00:00"
"4577","4434","143","2012-02-03 00:00:00"
"2603","2508","95","2012-02-04 00:00:00"
"2607","2495","112","2012-02-05 00:00:00"
"4596","4446","150","2012-02-06 00:00:00"
"5025","4867","158","2012-02-07 00:00:00"
"5258","5105","153","2012-02-08 00:00:00"
"5235","5081","154","2012-02-09 00:00:00"
"4714","4549","165","2012-02-10 00:00:00"
"2636","2531","105","2012-02-11 00:00:00"
"2734","2640","94","2012-02-12 00:00:00"
"4853","4701","152","2012-02-13 00:00:00"
"4973","4833","140","2012-02-14 00:00:00"
"5327","5187","140","2012-02-15 00:00:00"
"5305","5165","140","2012-02-16 00:00:00"
"4846","4711","135","2012-02-17 00:00:00"
"2543","2469","74","2012-02-18 00:00:00"
"2845","2740","105","2012-02-19 00:00:00"
"4876","4732","144","2012-02-20 00:00:00"
"5192","5046","146","2012-02-21 00:00:00"
"5417","5237","180","2012-02-22 00:00:00"
"5481","5313","168","2012-02-23 00:00:00"
"4929","4780","149","2012-02-24 00:00:00"
"2865","2754","111","2012-02-25 00:00:00"
"2846","2749","97","2012-02-26 00:00:00"
"4797","4606","191","2012-02-27 00:00:00"
"5313","5129","184","2012-02-28 00:00:00"
"5226","5063","163","2012-02-29 00:00:00"
"5335","5185","150","2012-03-01 00:00:00"
"4892","4757","135","2012-03-02 00:00:00"
"2771","2684","87","2012-03-03 00:00:00"
"2796","2703","93","2012-03-04 00:00:00"
"4918","4783","135","2012-03-05 00:00:00"
"5384","5211","173","2012-03-06 00:00:00"
"5270","5096","174","2012-03-07 00:00:00"
"4931","4760","171","2012-03-08 00:00:00"
"4779","4616","163","2012-03-09 00:00:00"
"2671","2573","98","2012-03-10 00:00:00"
"2743","2649","94","2012-03-11 00:00:00"
"5084","4913","171","2012-03-12 00:00:00"
"5346","5205","141","2012-03-13 00:00:00"
"5455","5266","189","2012-03-14 00:00:00"
"5394","5221","173","2012-03-15 00:00:00"
"4799","4651","148","2012-03-16 00:00:00"
"2682","2591","91","2012-03-17 00:00:00"
"2678","2577","101","2012-03-18 00:00:00"
"5029","4876","153","2012-03-19 00:00:00"
"5293","5142","151","2012-03-20 00:00:00"
"5471","5309","162","2012-03-21 00:00:00"
"5448","5289","159","2012-03-22 00:00:00"
"4656","4529","127","2012-03-23 00:00:00"
"2685","2589","96","2012-03-24 00:00:00"
"2593","2511","82","2012-03-25 00:00:00"
"5013","4854","159","2012-03-26 00:00:00"
"5374","5211","163","2012-03-27 00:00:00"
"5482","5335","147","2012-03-28 00:00:00"
"5425","5252","173","2012-03-29 00:00:00"
"4840","4679","161","2012-03-30 00:00:00"
"2728","2650","78","2012-03-31 00:00:00"
"2681","2587","94","2012-04-01 00:00:00"
"4951","4798","153","2012-04-02 00:00:00"
"5443","5273","170","2012-04-03 00:00:00"
"5489","5338","151","2012-04-04 00:00:00"
"5140","4989","151","2012-04-05 00:00:00"
"3824","3715","109","2012-04-06 00:00:00"
"2808","2715","93","2012-04-07 00:00:00"
"2594","2513","81","2012-04-08 00:00:00"
"4230","4073","157","2012-04-09 00:00:00"
"5145","4978","167","2012-04-10 00:00:00"
"5441","5289","152","2012-04-11 00:00:00"
"5553","5391","162","2012-04-12 00:00:00"
"4831","4674","157","2012-04-13 00:00:00"
"2632","2559","73","2012-04-14 00:00:00"
"2780","2692","88","2012-04-15 00:00:00"
"5031","4884","147","2012-04-16 00:00:00"
"5335","5170","165","2012-04-17 00:00:00"
"5719","5563","156","2012-04-18 00:00:00"
"5732","5565","167","2012-04-19 00:00:00"
"5041","4879","162","2012-04-20 00:00:00"
"2879","2782","97","2012-04-21 00:00:00"
"2895","2763","132","2012-04-22 00:00:00"
"5293","5101","192","2012-04-23 00:00:00"
"5474","5288","186","2012-04-24 00:00:00"
"5475","5278","197","2012-04-25 00:00:00"
"5384","5206","178","2012-04-26 00:00:00"
"4962","4813","149","2012-04-27 00:00:00"
"2837","2739","98","2012-04-28 00:00:00"
"2673","2564","109","2012-04-29 00:00:00"
"4587","4449","138","2012-04-30 00:00:00"
"4328","4179","149","2012-05-01 00:00:00"
"5316","5151","165","2012-05-02 00:00:00"
"5389","5211","178","2012-05-03 00:00:00"
"5056","4930","126","2012-05-04 00:00:00"
"2874","2770","104","2012-05-05 00:00:00"
"2600","2522","78","2012-05-06 00:00:00"
"4749","4582","167","2012-05-07 00:00:00"
"5259","5104","155","2012-05-08 00:00:00"
"5439","5262","177","2012-05-09 00:00:00"
"5598","5404","194","2012-05-10 00:00:00"
"4919","4768","151","2012-05-11 00:00:00"
"2600","2484","116","2012-05-12 00:00:00"
"2494","2380","114","2012-05-13 00:00:00"
"5126","4937","189","2012-05-14 00:00:00"
"5470","5285","185","2012-05-15 00:00:00"
"5449","5276","173","2012-05-16 00:00:00"
"5088","4922","166","2012-05-17 00:00:00"
"4879","4731","148","2012-05-18 00:00:00"
"2647","2537","110","2012-05-19 00:00:00"
"2565","2447","118","2012-05-20 00:00:00"
"4886","4690","196","2012-05-21 00:00:00"
"5439","5242","197","2012-05-22 00:00:00"
"5461","5284","177","2012-05-23 00:00:00"
"5351","5163","188","2012-05-24 00:00:00"
"4791","4622","169","2012-05-25 00:00:00"
"2513","2423","90","2012-05-26 00:00:00"
"2354","2246","108","2012-05-27 00:00:00"
"4144","4023","121","2012-05-28 00:00:00"
"5209","5035","174","2012-05-29 00:00:00"
"5394","5216","178","2012-05-30 00:00:00"
"5227","5059","168","2012-05-31 00:00:00"
"4837","4686","151","2012-06-01 00:00:00"
"2532","2427","105","2012-06-02 00:00:00"
"2523","2418","105","2012-06-03 00:00:00"
"4732","4584","148","2012-06-04 00:00:00"
"5183","5003","180","2012-06-05 00:00:00"
"5353","5171","182","2012-06-06 00:00:00"
"5446","5314","132","2012-06-07 00:00:00"
"4842","4689","153","2012-06-08 00:00:00"
"2501","2419","82","2012-06-09 00:00:00"
"2486","2379","107","2012-06-10 00:00:00"
"4918","4749","169","2012-06-11 00:00:00"
"5303","5097","206","2012-06-12 00:00:00"
"5692","5514","178","2012-06-13 00:00:00"
"5553","5369","184","2012-06-14 00:00:00"
"5041","4864","177","2012-06-15 00:00:00"
"2544","2434","110","2012-06-16 00:00:00"
"2510","2402","108","2012-06-17 00:00:00"
"5311","5124","187","2012-06-18 00:00:00"
"5607","5381","226","2012-06-19 00:00:00"
"5778","5564","214","2012-06-20 00:00:00"
"5821","5620","201","2012-06-21 00:00:00"
"5111","4961","150","2012-06-22 00:00:00"
"2559","2475","84","2012-06-23 00:00:00"
"2548","2448","100","2012-06-24 00:00:00"
"5249","5064","185","2012-06-25 00:00:00"
"5763","5522","241","2012-06-26 00:00:00"
"5830","5646","184","2012-06-27 00:00:00"
"5593","5404","189","2012-06-28 00:00:00"
"4984","4817","167","2012-06-29 00:00:00"
"2557","2460","97","2012-06-30 00:00:00"
"2514","2413","101","2012-07-01 00:00:00"
"5082","4904","178","2012-07-02 00:00:00"
"5666","5465","201","2012-07-03 00:00:00"
"4808","4644","164","2012-07-04 00:00:00"
"5503","5338","165","2012-07-05 00:00:00"
"5259","5085","174","2012-07-06 00:00:00"
"2670","2567","103","2012-07-07 00:00:00"
"2544","2448","96","2012-07-08 00:00:00"
"5351","5140","211","2012-07-09 00:00:00"
"5825","5626","199","2012-07-10 00:00:00"
"6055","5850","205","2012-07-11 00:00:00"
"5923","5683","240","2012-07-12 00:00:00"
"5307","5071","236","2012-07-13 00:00:00"
"2571","2426","145","2012-07-14 00:00:00"
"2579","2446","133","2012-07-15 00:00:00"
"5531","5286","245","2012-07-16 00:00:00"
"5764","5529","235","2012-07-17 00:00:00"
"6015","5776","239","2012-07-18 00:00:00"
"5921","5695","226","2012-07-19 00:00:00"
"5291","5079","212","2012-07-20 00:00:00"
"2602","2479","123","2012-07-21 00:00:00"
"2661","2551","110","2012-07-22 00:00:00"
"5450","5229","221","2012-07-23 00:00:00"
"5749","5535","214","2012-07-24 00:00:00"
"6054","5766","288","2012-07-25 00:00:00"
"5952","5702","250","2012-07-26 00:00:00"
"5316","5114","202","2012-07-27 00:00:00"
"2673","2563","110","2012-07-28 00:00:00"
"2608","2475","133","2012-07-29 00:00:00"
"5439","5241","198","2012-07-30 00:00:00"
"5979","5781","198","2012-07-31 00:00:00"
"5648","5414","234","2012-08-01 00:00:00"
"5676","5493","183","2012-08-02 00:00:00"
"5220","5042","178","2012-08-03 00:00:00"
"2558","2449","109","2012-08-04 00:00:00"
"2603","2477","126","2012-08-05 00:00:00"
"5173","4985","188","2012-08-06 00:00:00"
"5673","5487","186","2012-08-07 00:00:00"
"5820","5591","229","2012-08-08 00:00:00"
"5792","5593","199","2012-08-09 00:00:00"
"5204","4991","213","2012-08-10 00:00:00"
"2421","2313","108","2012-08-11 00:00:00"
"2579","2464","115","2012-08-12 00:00:00"
"5338","5115","223","2012-08-13 00:00:00"
"5640","5393","247","2012-08-14 00:00:00"
"5070","4862","208","2012-08-15 00:00:00"
"5612","5407","205","2012-08-16 00:00:00"
"5073","4881","192","2012-08-17 00:00:00"
"2699","2566","133","2012-08-18 00:00:00"
"2467","2342","125","2012-08-19 00:00:00"
"4971","4760","211","2012-08-20 00:00:00"
"5397","5183","214","2012-08-21 00:00:00"
"5657","5443","214","2012-08-22 00:00:00"
"5730","5492","238","2012-08-23 00:00:00"
"5098","4905","193","2012-08-24 00:00:00"
"2639","2512","127","2012-08-25 00:00:00"
"2581","2472","109","2012-08-26 00:00:00"
"5099","4883","216","2012-08-27 00:00:00"
"5553","5310","243","2012-08-28 00:00:00"
"5793","5550","243","2012-08-29 00:00:00"
"5840","5608","232","2012-08-30 00:00:00"
"4970","4763","207","2012-08-31 00:00:00"
"2579","2447","132","2012-09-01 00:00:00"
"2563","2430","133","2012-09-02 00:00:00"
"4595","4368","227","2012-09-03 00:00:00"
"5415","5141","274","2012-09-04 00:00:00"
"5671","5398","273","2012-09-05 00:00:00"
"5713","5447","266","2012-09-06 00:00:00"
"5110","4857","253","2012-09-07 00:00:00"
"2668","2498","170","2012-09-08 00:00:00"
"2679","2541","138","2012-09-09 00:00:00"
"5298","5013","285","2012-09-10 00:00:00"
"5678","5398","280","2012-09-11 00:00:00"
"5647","5414","233","2012-09-12 00:00:00"
"5819","5532","287","2012-09-13 00:00:00"
"5159","4896","263","2012-09-14 00:00:00"
"2455","2334","121","2012-09-15 00:00:00"
"2605","2453","152","2012-09-16 00:00:00"
"5452","5226","226","2012-09-17 00:00:00"
"5595","5309","286","2012-09-18 00:00:00"
"5492","5205","287","2012-09-19 00:00:00"
"5609","5350","259","2012-09-20 00:00:00"
"5233","4911","322","2012-09-21 00:00:00"
"2805","2600","205","2012-09-22 00:00:00"
"2629","2445","184","2012-09-23 00:00:00"
"5403","5065","338","2012-09-24 00:00:00"
"5646","5346","300","2012-09-25 00:00:00"
"5929","5593","336","2012-09-26 00:00:00"
"5974","5682","292","2012-09-27 00:00:00"
"5183","4853","330","2012-09-28 00:00:00"
"2665","2462","203","2012-09-29 00:00:00"
"2574","2383","191","2012-09-30 00:00:00"
"5122","4801","321","2012-10-01 00:00:00"
"5292","4933","359","2012-10-02 00:00:00"
"5684","5330","354","2012-10-03 00:00:00"
"5791","5370","421","2012-10-04 00:00:00"
"5262","4882","380","2012-10-05 00:00:00"
"2931","2700","231","2012-10-06 00:00:00"
"2827","2616","211","2012-10-07 00:00:00"
"5199","4807","392","2012-10-08 00:00:00"
"5759","5309","450","2012-10-09 00:00:00"
"6084","5649","435","2012-10-10 00:00:00"
"6104","5681","423","2012-10-11 00:00:00"
"5509","5136","373","2012-10-12 00:00:00"
"2864","2669","195","2012-10-13 00:00:00"
"2900","2657","243","2012-10-14 00:00:00"
"5622","5184","438","2012-10-15 00:00:00"
"6056","5700","356","2012-10-16 00:00:00"
"6169","5779","390","2012-10-17 00:00:00"
"6225","5827","398","2012-10-18 00:00:00"
"5569","5228","341","2012-10-19 00:00:00"
"3039","2858","181","2012-10-20 00:00:00"
"3061","2873","188","2012-10-21 00:00:00"
"5689","5315","374","2012-10-22 00:00:00"
"5927","5573","354","2012-10-23 00:00:00"
"5750","5381","369","2012-10-24 00:00:00"
"5981","5576","405","2012-10-25 00:00:00"
"5154","4800","354","2012-10-26 00:00:00"
"2894","2662","232","2012-10-27 00:00:00"
"2843","2634","209","2012-10-28 00:00:00"
"5424","5115","309","2012-10-29 00:00:00"
"5511","5173","338","2012-10-30 00:00:00"
"5827","5489","338","2012-10-31 00:00:00"
"5640","5274","366","2012-11-01 00:00:00"
"5423","5041","382","2012-11-02 00:00:00"
"3064","2872","192","2012-11-03 00:00:00"
"3014","2784","230","2012-11-04 00:00:00"
"5714","5341","373","2012-11-05 00:00:00"
"5898","5552","346","2012-11-06 00:00:00"
"5962","5601","361","2012-11-07 00:00:00"
"6214","5891","323","2012-11-08 00:00:00"
"5431","5092","339","2012-11-09 00:00:00"
"2986","2806","180","2012-11-10 00:00:00"
"2988","2766","222","2012-11-11 00:00:00"
"5272","4949","323","2012-11-12 00:00:00"
"5525","5232","293","2012-11-13 00:00:00"
"5825","5526","299","2012-11-14 00:00:00"
"5996","5688","308","2012-11-15 00:00:00"
"5524","5264","260","2012-11-16 00:00:00"
"3145","2981","164","2012-11-17 00:00:00"
"3148","2950","198","2012-11-18 00:00:00"
"5925","5638","287","2012-11-19 00:00:00"
"6200","5855","345","2012-11-20 00:00:00"
"6121","5799","322","2012-11-21 00:00:00"
"5486","5196","290","2012-11-22 00:00:00"
"4768","4506","262","2012-11-23 00:00:00"
"3117","2922","195","2012-11-24 00:00:00"
"3213","3000","213","2012-11-25 00:00:00"
"5766","5483","283","2012-11-26 00:00:00"
"6276","5937","339","2012-11-27 00:00:00"
"6628","6279","349","2012-11-28 00:00:00"
"6418","6124","294","2012-11-29 00:00:00"
"5639","5345","294","2012-11-30 00:00:00"
"3175","2962","213","2012-12-01 00:00:00"
"3307","3093","214","2012-12-02 00:00:00"
"5935","5636","299","2012-12-03 00:00:00"
"6352","6026","326","2012-12-04 00:00:00"
"6402","6091","311","2012-12-05 00:00:00"
"6198","5848","350","2012-12-06 00:00:00"
"5653","5306","347","2012-12-07 00:00:00"
"3253","3061","192","2012-12-08 00:00:00"
"3163","2953","210","2012-12-09 00:00:00"
"5752","5434","318","2012-12-10 00:00:00"
"6070","5751","319","2012-12-11 00:00:00"
"6295","5962","333","2012-12-12 00:00:00"
"6147","5833","314","2012-12-13 00:00:00"
"5355","5032","323","2012-12-14 00:00:00"
"2926","2723","203","2012-12-15 00:00:00"
"2957","2736","221","2012-12-16 00:00:00"
"5442","5101","341","2012-12-17 00:00:00"
"5889","5530","359","2012-12-18 00:00:00"
"6046","5625","421","2012-12-19 00:00:00"
"5707","5328","379","2012-12-20 00:00:00"
"4845","4546","299","2012-12-21 00:00:00"
"2683","2497","186","2012-12-22 00:00:00"
"2532","2319","213","2012-12-23 00:00:00"
"3293","3037","256","2012-12-24 00:00:00"
"2471","2293","178","2012-12-25 00:00:00"
"3855","3609","246","2012-12-26 00:00:00"
"4554","4251","303","2012-12-27 00:00:00"
"4356","4064","292","2012-12-28 00:00:00"
"2872","2622","250","2012-12-29 00:00:00"
"2678","2469","209","2012-12-30 00:00:00"
"3263","3001","262","2012-12-31 00:00:00"
"2601","2368","233","2013-01-01 00:00:00"
"4836","4497","339","2013-01-02 00:00:00"
"5450","5082","368","2013-01-03 00:00:00"
"5447","5117","330","2013-01-04 00:00:00"
"3294","3055","239","2013-01-05 00:00:00"
"3146","2893","253","2013-01-06 00:00:00"
"5579","5242","337","2013-01-07 00:00:00"
"6099","5668","431","2013-01-08 00:00:00"
"6339","5974","365","2013-01-09 00:00:00"
"6334","5977","357","2013-01-10 00:00:00"
"5917","5590","327","2013-01-11 00:00:00"
"3262","3007","255","2013-01-12 00:00:00"
"3225","2956","269","2013-01-13 00:00:00"
"5501","5178","323","2013-01-14 00:00:00"
"6312","5948","364","2013-01-15 00:00:00"
"6427","6028","399","2013-01-16 00:00:00"
"6344","5981","363","2013-01-17 00:00:00"
"5863","5496","367","2013-01-18 00:00:00"
"3242","2974","268","2013-01-19 00:00:00"
"3225","3004","221","2013-01-20 00:00:00"
"5842","5519","323","2013-01-21 00:00:00"
"6523","6176","347","2013-01-22 00:00:00"
"6632","6224","408","2013-01-23 00:00:00"
"6602","6271","331","2013-01-24 00:00:00"
"5804","5452","352","2013-01-25 00:00:00"
"3273","3072","201","2013-01-26 00:00:00"
"3407","3168","239","2013-01-27 00:00:00"
"6104","5753","351","2013-01-28 00:00:00"
"6586","6221","365","2013-01-29 00:00:00"
"6760","6415","345","2013-01-30 00:00:00"
"6520","6184","336","2013-01-31 00:00:00"
"6110","5752","358","2013-02-01 00:00:00"
"3370","3143","227","2013-02-02 00:00:00"
"3406","3182","224","2013-02-03 00:00:00"
"6093","5762","331","2013-02-04 00:00:00"
"6543","6203","340","2013-02-05 00:00:00"
"6841","6453","388","2013-02-06 00:00:00"
"6889","6518","371","2013-02-07 00:00:00"
"6091","5782","309","2013-02-08 00:00:00"
"3068","2905","163","2013-02-09 00:00:00"
"3504","3312","192","2013-02-10 00:00:00"
"6036","5714","322","2013-02-11 00:00:00"
"6509","6161","348","2013-02-12 00:00:00"
"6706","6358","348","2013-02-13 00:00:00"
"6499","6173","326","2013-02-14 00:00:00"
"5937","5617","320","2013-02-15 00:00:00"
"3503","3283","220","2013-02-16 00:00:00"
"3467","3252","215","2013-02-17 00:00:00"
"6170","5821","349","2013-02-18 00:00:00"
"7080","6721","359","2013-02-19 00:00:00"
"6936","6633","303","2013-02-20 00:00:00"
"6978","6608","370","2013-02-21 00:00:00"
"6406","6077","329","2013-02-22 00:00:00"
"3716","3490","226","2013-02-23 00:00:00"
"3457","3247","210","2013-02-24 00:00:00"
"6476","6134","342","2013-02-25 00:00:00"
"7005","6581","424","2013-02-26 00:00:00"
"7086","6678","408","2013-02-27 00:00:00"
"7126","6743","383","2013-02-28 00:00:00"
"6235","5801","434","2013-03-01 00:00:00"
"3691","3434","257","2013-03-02 00:00:00"
"3637","3385","252","2013-03-03 00:00:00"
"6574","6172","402","2013-03-04 00:00:00"
"7067","6644","423","2013-03-05 00:00:00"
"7416","6955","461","2013-03-06 00:00:00"
"7273","6848","425","2013-03-07 00:00:00"
"6479","6094","385","2013-03-08 00:00:00"
"3631","3391","240","2013-03-09 00:00:00"
"3701","3452","249","2013-03-10 00:00:00"
"6711","6331","380","2013-03-11 00:00:00"
"7178","6712","466","2013-03-12 00:00:00"
"7303","6873","430","2013-03-13 00:00:00"
"7322","6899","423","2013-03-14 00:00:00"
"6448","6068","380","2013-03-15 00:00:00"
"3673","3398","275","2013-03-16 00:00:00"
"3587","3313","274","2013-03-17 00:00:00"
"6642","6244","398","2013-03-18 00:00:00"
"7292","6864","428","2013-03-19 00:00:00"
"7295","6847","448","2013-03-20 00:00:00"
"7095","6645","450","2013-03-21 00:00:00"
"6339","5955","384","2013-03-22 00:00:00"
"3671","3447","224","2013-03-23 00:00:00"
"3682","3424","258","2013-03-24 00:00:00"
"6656","6288","368","2013-03-25 00:00:00"
"6905","6496","409","2013-03-26 00:00:00"
"6853","6468","385","2013-03-27 00:00:00"
"6856","6466","390","2013-03-28 00:00:00"
"5455","5056","399","2013-03-29 00:00:00"
"3513","3268","245","2013-03-30 00:00:00"
"3438","3170","268","2013-03-31 00:00:00"
"5547","5187","360","2013-04-01 00:00:00"
"7085","6640","445","2013-04-02 00:00:00"
"7272","6855","417","2013-04-03 00:00:00"
"7176","6750","426","2013-04-04 00:00:00"
"6550","6135","415","2013-04-05 00:00:00"
"3621","3399","222","2013-04-06 00:00:00"
"3801","3539","262","2013-04-07 00:00:00"
"6713","6277","436","2013-04-08 00:00:00"
"7250","6789","461","2013-04-09 00:00:00"
"7321","6894","427","2013-04-10 00:00:00"
"6773","6433","340","2013-04-11 00:00:00"
"6629","6268","361","2013-04-12 00:00:00"
"3555","3306","249","2013-04-13 00:00:00"
"3710","3475","235","2013-04-14 00:00:00"
"6439","6061","378","2013-04-15 00:00:00"
"6841","6445","396","2013-04-16 00:00:00"
"7045","6708","337","2013-04-17 00:00:00"
"6982","6602","380","2013-04-18 00:00:00"
"6168","5847","321","2013-04-19 00:00:00"
"3631","3435","196","2013-04-20 00:00:00"
"3421","3239","182","2013-04-21 00:00:00"
"6539","6220","319","2013-04-22 00:00:00"
"6947","6609","338","2013-04-23 00:00:00"
"7139","6796","343","2013-04-24 00:00:00"
"6910","6579","331","2013-04-25 00:00:00"
"6191","5851","340","2013-04-26 00:00:00"
"3426","3192","234","2013-04-27 00:00:00"
"3606","3381","225","2013-04-28 00:00:00"
"6318","6006","312","2013-04-29 00:00:00"
"6373","6073","300","2013-04-30 00:00:00"
"5403","5102","301","2013-05-01 00:00:00"
"6561","6236","325","2013-05-02 00:00:00"
"5910","5550","360","2013-05-03 00:00:00"
"3351","3128","223","2013-05-04 00:00:00"
"3241","3035","206","2013-05-05 00:00:00"
"5800","5452","348","2013-05-06 00:00:00"
"6598","6212","386","2013-05-07 00:00:00"
"6581","6231","350","2013-05-08 00:00:00"
"6438","6087","351","2013-05-09 00:00:00"
"5818","5444","374","2013-05-10 00:00:00"
"3255","3035","220","2013-05-11 00:00:00"
"3216","3008","208","2013-05-12 00:00:00"
"6153","5813","340","2013-05-13 00:00:00"
"6671","6277","394","2013-05-14 00:00:00"
"6771","6440","331","2013-05-15 00:00:00"
"6883","6500","383","2013-05-16 00:00:00"
"6096","5749","347","2013-05-17 00:00:00"
"3307","3045","262","2013-05-18 00:00:00"
"3261","3044","217","2013-05-19 00:00:00"
"5936","5541","395","2013-05-20 00:00:00"
"6653","6275","378","2013-05-21 00:00:00"
"6839","6481","358","2013-05-22 00:00:00"
"6857","6473","384","2013-05-23 00:00:00"
"5900","5563","337","2013-05-24 00:00:00"
"3042","2804","238","2013-05-25 00:00:00"
"3005","2790","215","2013-05-26 00:00:00"
"5407","5101","306","2013-05-27 00:00:00"
"6539","6166","373","2013-05-28 00:00:00"
"6822","6453","369","2013-05-29 00:00:00"
"6784","6426","358","2013-05-30 00:00:00"
"6077","5682","395","2013-05-31 00:00:00"
"3298","3061","237","2013-06-01 00:00:00"
"3106","2894","212","2013-06-02 00:00:00"
"6052","5696","356","2013-06-03 00:00:00"
"6608","6225","383","2013-06-04 00:00:00"
"6890","6538","352","2013-06-05 00:00:00"
"6825","6460","365","2013-06-06 00:00:00"
"6265","5946","319","2013-06-07 00:00:00"
"3265","3044","221","2013-06-08 00:00:00"
"3180","2947","233","2013-06-09 00:00:00"
"6017","5628","389","2013-06-10 00:00:00"
"6604","6219","385","2013-06-11 00:00:00"
"6596","6226","370","2013-06-12 00:00:00"
"6684","6319","365","2013-06-13 00:00:00"
"6078","5714","364","2013-06-14 00:00:00"
"3107","2874","233","2013-06-15 00:00:00"
"3038","2837","201","2013-06-16 00:00:00"
"6263","5927","336","2013-06-17 00:00:00"
"6892","6482","410","2013-06-18 00:00:00"
"6940","6549","391","2013-06-19 00:00:00"
"6970","6605","365","2013-06-20 00:00:00"
"6107","5756","351","2013-06-21 00:00:00"
"3204","2980","224","2013-06-22 00:00:00"
"3086","2879","207","2013-06-23 00:00:00"
"6349","5994","355","2013-06-24 00:00:00"
"6858","6430","428","2013-06-25 00:00:00"
"7034","6679","355","2013-06-26 00:00:00"
"7051","6695","356","2013-06-27 00:00:00"
"6172","5843","329","2013-06-28 00:00:00"
"3175","2961","214","2013-06-29 00:00:00"
"3136","2938","198","2013-06-30 00:00:00"
"6051","5722","329","2013-07-01 00:00:00"
"6911","6572","339","2013-07-02 00:00:00"
"6915","6546","369","2013-07-03 00:00:00"
"6054","5795","259","2013-07-04 00:00:00"
"5736","5423","313","2013-07-05 00:00:00"
"2980","2791","189","2013-07-06 00:00:00"
"2921","2717","204","2013-07-07 00:00:00"
"6296","5955","341","2013-07-08 00:00:00"
"6926","6550","376","2013-07-09 00:00:00"
"6937","6589","348","2013-07-10 00:00:00"
"7022","6616","406","2013-07-11 00:00:00"
"6189","5877","312","2013-07-12 00:00:00"
"2991","2813","178","2013-07-13 00:00:00"
"2999","2836","163","2013-07-14 00:00:00"
"6569","6236","333","2013-07-15 00:00:00"
"7199","6854","345","2013-07-16 00:00:00"
"7350","7003","347","2013-07-17 00:00:00"
"7293","6975","318","2013-07-18 00:00:00"
"6480","6137","343","2013-07-19 00:00:00"
"3240","3053","187","2013-07-20 00:00:00"
"3248","3083","165","2013-07-21 00:00:00"
"6623","6310","313","2013-07-22 00:00:00"
"7309","6941","368","2013-07-23 00:00:00"
"7435","7114","321","2013-07-24 00:00:00"
"7318","6977","341","2013-07-25 00:00:00"
"6611","6256","355","2013-07-26 00:00:00"
"3351","3151","200","2013-07-27 00:00:00"
"3378","3170","208","2013-07-28 00:00:00"
"6725","6391","334","2013-07-29 00:00:00"
"7169","6793","376","2013-07-30 00:00:00"
"7297","6926","371","2013-07-31 00:00:00"
"7219","6891","328","2013-08-01 00:00:00"
"6397","6083","314","2013-08-02 00:00:00"
"3210","3013","197","2013-08-03 00:00:00"
"3200","3017","183","2013-08-04 00:00:00"
"6422","6080","342","2013-08-05 00:00:00"
"6885","6532","353","2013-08-06 00:00:00"
"7211","6848","363","2013-08-07 00:00:00"
"6881","6493","388","2013-08-08 00:00:00"
"5823","5507","316","2013-08-09 00:00:00"
"3071","2881","190","2013-08-10 00:00:00"
"3179","3002","177","2013-08-11 00:00:00"
"6442","6090","352","2013-08-12 00:00:00"
"6965","6580","385","2013-08-13 00:00:00"
"7025","6642","383","2013-08-14 00:00:00"
"6008","5662","346","2013-08-15 00:00:00"
"6075","5750","325","2013-08-16 00:00:00"
"3245","3074","171","2013-08-17 00:00:00"
"3257","3077","180","2013-08-18 00:00:00"
"6185","5812","373","2013-08-19 00:00:00"
"6738","6416","322","2013-08-20 00:00:00"
"6889","6551","338","2013-08-21 00:00:00"
"7039","6703","336","2013-08-22 00:00:00"
"6374","6048","326","2013-08-23 00:00:00"
"3319","3139","180","2013-08-24 00:00:00"
"3235","3054","181","2013-08-25 00:00:00"
"6200","5866","334","2013-08-26 00:00:00"
"6737","6420","317","2013-08-27 00:00:00"
"7044","6674","370","2013-08-28 00:00:00"
"6926","6599","327","2013-08-29 00:00:00"
"5990","5665","325","2013-08-30 00:00:00"
"3265","3069","196","2013-08-31 00:00:00"
"3131","2941","190","2013-09-01 00:00:00"
"5593","5280","313","2013-09-02 00:00:00"
"6422","6108","314","2013-09-03 00:00:00"
"6826","6500","326","2013-09-04 00:00:00"
"6758","6413","345","2013-09-05 00:00:00"
"6175","5883","292","2013-09-06 00:00:00"
"3291","3098","193","2013-09-07 00:00:00"
"3365","3146","219","2013-09-08 00:00:00"
"5930","5630","300","2013-09-09 00:00:00"
"6714","6408","306","2013-09-10 00:00:00"
"6926","6586","340","2013-09-11 00:00:00"
"7019","6720","299","2013-09-12 00:00:00"
"6318","6013","305","2013-09-13 00:00:00"
"3293","3102","191","2013-09-14 00:00:00"
"3449","3274","175","2013-09-15 00:00:00"
"6527","6213","314","2013-09-16 00:00:00"
"6954","6590","364","2013-09-17 00:00:00"
"6900","6558","342","2013-09-18 00:00:00"
"7037","6702","335","2013-09-19 00:00:00"
"6326","6011","315","2013-09-20 00:00:00"
"3498","3321","177","2013-09-21 00:00:00"
"3451","3242","209","2013-09-22 00:00:00"
"6407","6080","327","2013-09-23 00:00:00"
"7200","6826","374","2013-09-24 00:00:00"
"7157","6841","316","2013-09-25 00:00:00"
"7196","6831","365","2013-09-26 00:00:00"
"6343","6012","331","2013-09-27 00:00:00"
"3388","3195","193","2013-09-28 00:00:00"
"3529","3303","226","2013-09-29 00:00:00"
"6565","6195","370","2013-09-30 00:00:00"
"6819","6443","376","2013-10-01 00:00:00"
"6426","6096","330","2013-10-02 00:00:00"
"6983","6659","324","2013-10-03 00:00:00"
"6529","6185","344","2013-10-04 00:00:00"
"3519","3323","196","2013-10-05 00:00:00"
"3559","3390","169","2013-10-06 00:00:00"
"6682","6392","290","2013-10-07 00:00:00"
"7304","6991","313","2013-10-08 00:00:00"
"7429","7096","333","2013-10-09 00:00:00"
"7230","6879","351","2013-10-10 00:00:00"
"6421","6073","348","2013-10-11 00:00:00"
"3539","3336","203","2013-10-12 00:00:00"
"3561","3293","268","2013-10-13 00:00:00"
"6100","5743","357","2013-10-14 00:00:00"
"6782","6412","370","2013-10-15 00:00:00"
"7073","6760","313","2013-10-16 00:00:00"
"7171","6863","308","2013-10-17 00:00:00"
"6527","6176","351","2013-10-18 00:00:00"
"3605","3406","199","2013-10-19 00:00:00"
"3703","3503","200","2013-10-20 00:00:00"
"7002","6650","352","2013-10-21 00:00:00"
"7366","6996","370","2013-10-22 00:00:00"
"7413","7081","332","2013-10-23 00:00:00"
"7617","7266","351","2013-10-24 00:00:00"
"6716","6370","346","2013-10-25 00:00:00"
"3638","3442","196","2013-10-26 00:00:00"
"3788","3574","214","2013-10-27 00:00:00"
"6831","6493","338","2013-10-28 00:00:00"
"7431","7102","329","2013-10-29 00:00:00"
"7344","7005","339","2013-10-30 00:00:00"
"6961","6627","334","2013-10-31 00:00:00"
"5712","5431","281","2013-11-01 00:00:00"
"3374","3183","191","2013-11-02 00:00:00"
"3607","3400","207","2013-11-03 00:00:00"
"6311","6027","284","2013-11-04 00:00:00"
"6726","6431","295","2013-11-05 00:00:00"
"7347","7003","344","2013-11-06 00:00:00"
"7484","7171","313","2013-11-07 00:00:00"
"6658","6357","301","2013-11-08 00:00:00"
"3765","3581","184","2013-11-09 00:00:00"
"3847","3649","198","2013-11-10 00:00:00"
"6697","6404","293","2013-11-11 00:00:00"
"7442","7096","346","2013-11-12 00:00:00"
"7473","7104","369","2013-11-13 00:00:00"
"7412","7062","350","2013-11-14 00:00:00"
"6753","6413","340","2013-11-15 00:00:00"
"3931","3716","215","2013-11-16 00:00:00"
"3899","3673","226","2013-11-17 00:00:00"
"7022","6687","335","2013-11-18 00:00:00"
"7474","7110","364","2013-11-19 00:00:00"
"7766","7354","412","2013-11-20 00:00:00"
"7612","7202","410","2013-11-21 00:00:00"
"6941","6592","349","2013-11-22 00:00:00"
"3972","3717","255","2013-11-23 00:00:00"
"3954","3738","216","2013-11-24 00:00:00"
"6922","6541","381","2013-11-25 00:00:00"
"7547","7164","383","2013-11-26 00:00:00"
"7332","6959","373","2013-11-27 00:00:00"
"6461","6102","359","2013-11-28 00:00:00"
"5567","5241","326","2013-11-29 00:00:00"
"3760","3539","221","2013-11-30 00:00:00"
"3706","3471","235","2013-12-01 00:00:00"
"6736","6324","412","2013-12-02 00:00:00"
"7391","6992","399","2013-12-03 00:00:00"
"7619","7198","421","2013-12-04 00:00:00"
"7513","7089","424","2013-12-05 00:00:00"
"6790","6383","407","2013-12-06 00:00:00"
"3877","3616","261","2013-12-07 00:00:00"
"3933","3688","245","2013-12-08 00:00:00"
"6916","6493","423","2013-12-09 00:00:00"
"7444","7035","409","2013-12-10 00:00:00"
"7552","7116","436","2013-12-11 00:00:00"
"7414","6979","435","2013-12-12 00:00:00"
"6405","6056","349","2013-12-13 00:00:00"
"3559","3309","250","2013-12-14 00:00:00"
"3706","3428","278","2013-12-15 00:00:00"
"6643","6176","467","2013-12-16 00:00:00"
"7205","6732","473","2013-12-17 00:00:00"
"7237","6750","487","2013-12-18 00:00:00"
"6972","6522","450","2013-12-19 00:00:00"
"5854","5477","377","2013-12-20 00:00:00"
"3243","2995","248","2013-12-21 00:00:00"
"3275","3017","258","2013-12-22 00:00:00"
"5344","5006","338","2013-12-23 00:00:00"
"4343","4000","343","2013-12-24 00:00:00"
"2937","2692","245","2013-12-25 00:00:00"
"4633","4331","302","2013-12-26 00:00:00"
"4981","4630","351","2013-12-27 00:00:00"
"3322","3093","229","2013-12-28 00:00:00"
"3318","3102","216","2013-12-29 00:00:00"
"5428","5068","360","2013-12-30 00:00:00"
"4268","3971","297","2013-12-31 00:00:00"
"3011","2816","195","2014-01-01 00:00:00"
"5894","5525","369","2014-01-02 00:00:00"
"6224","5777","447","2014-01-03 00:00:00"
"4091","3814","277","2014-01-04 00:00:00"
"3783","3535","248","2014-01-05 00:00:00"
"6452","6044","408","2014-01-06 00:00:00"
"7043","6677","366","2014-01-07 00:00:00"
"7669","7272","397","2014-01-08 00:00:00"
"7476","7082","394","2014-01-09 00:00:00"
"7030","6635","395","2014-01-10 00:00:00"
"3932","3698","234","2014-01-11 00:00:00"
"3832","3612","220","2014-01-12 00:00:00"
"6873","6521","352","2014-01-13 00:00:00"
"7073","6725","348","2014-01-14 00:00:00"
"7542","7200","342","2014-01-15 00:00:00"
"7619","7260","359","2014-01-16 00:00:00"
"7047","6702","345","2014-01-17 00:00:00"
"4090","3853","237","2014-01-18 00:00:00"
"3933","3696","237","2014-01-19 00:00:00"
"6934","6559","375","2014-01-20 00:00:00"
"7622","7215","407","2014-01-21 00:00:00"
"7892","7483","409","2014-01-22 00:00:00"
"7858","7428","430","2014-01-23 00:00:00"
"6963","6576","387","2014-01-24 00:00:00"
"4110","3903","207","2014-01-25 00:00:00"
"4119","3865","254","2014-01-26 00:00:00"
"7280","6900","380","2014-01-27 00:00:00"
"7836","7440","396","2014-01-28 00:00:00"
"8045","7667","378","2014-01-29 00:00:00"
"7676","7304","372","2014-01-30 00:00:00"
"6875","6505","370","2014-01-31 00:00:00"
"4038","3817","221","2014-02-01 00:00:00"
"3989","3767","222","2014-02-02 00:00:00"
"6999","6604","395","2014-02-03 00:00:00"
"7820","7435","385","2014-02-04 00:00:00"
"7922","7544","378","2014-02-05 00:00:00"
"8009","7600","409","2014-02-06 00:00:00"
"7265","6918","347","2014-02-07 00:00:00"
"4208","3990","218","2014-02-08 00:00:00"
"4333","4098","235","2014-02-09 00:00:00"
"7579","7127","452","2014-02-10 00:00:00"
"8112","7666","446","2014-02-11 00:00:00"
"8270","7838","432","2014-02-12 00:00:00"
"7932","7524","408","2014-02-13 00:00:00"
"7153","6738","415","2014-02-14 00:00:00"
"4252","4000","252","2014-02-15 00:00:00"
"4228","3923","305","2014-02-16 00:00:00"
"7366","6944","422","2014-02-17 00:00:00"
"8236","7757","479","2014-02-18 00:00:00"
"8603","8094","509","2014-02-19 00:00:00"
"8473","7947","526","2014-02-20 00:00:00"
"7761","7340","421","2014-02-21 00:00:00"
"4562","4259","303","2014-02-22 00:00:00"
"4520","4225","295","2014-02-23 00:00:00"
"8005","7546","459","2014-02-24 00:00:00"
"8401","7933","468","2014-02-25 00:00:00"
"8581","8140","441","2014-02-26 00:00:00"
"8578","8251","327","2014-02-27 00:00:00"
"7739","7453","286","2014-02-28 00:00:00"
"4418","4231","187","2014-03-01 00:00:00"
"4310","4116","194","2014-03-02 00:00:00"
"7578","7285","293","2014-03-03 00:00:00"
"8188","7892","296","2014-03-04 00:00:00"
"8616","8313","303","2014-03-05 00:00:00"
"8523","8250","273","2014-03-06 00:00:00"
"7658","7375","283","2014-03-07 00:00:00"
"4379","4215","164","2014-03-08 00:00:00"
"4332","4133","199","2014-03-09 00:00:00"
"7789","7509","280","2014-03-10 00:00:00"
"8217","7935","282","2014-03-11 00:00:00"
"8745","8452","293","2014-03-12 00:00:00"
"8740","8469","271","2014-03-13 00:00:00"
"7658","7396","262","2014-03-14 00:00:00"
"4325","4183","142","2014-03-15 00:00:00"
"4388","4217","171","2014-03-16 00:00:00"
"7467","7213","254","2014-03-17 00:00:00"
"8309","8032","277","2014-03-18 00:00:00"
"8664","8401","263","2014-03-19 00:00:00"
"8553","8289","264","2014-03-20 00:00:00"
"7622","7374","248","2014-03-21 00:00:00"
"4419","4256","163","2014-03-22 00:00:00"
"4408","4259","149","2014-03-23 00:00:00"
"7694","7439","255","2014-03-24 00:00:00"
"8292","8018","274","2014-03-25 00:00:00"
"8543","8235","308","2014-03-26 00:00:00"
"8338","8067","271","2014-03-27 00:00:00"
"7407","7150","257","2014-03-28 00:00:00"
"4294","4144","150","2014-03-29 00:00:00"
"4280","4116","164","2014-03-30 00:00:00"
"7394","7165","229","2014-03-31 00:00:00"
"7940","7667","273","2014-04-01 00:00:00"
"8448","8186","262","2014-04-02 00:00:00"
"8265","8014","251","2014-04-03 00:00:00"
"7494","7249","245","2014-04-04 00:00:00"
"4287","4108","179","2014-04-05 00:00:00"
"4342","4171","171","2014-04-06 00:00:00"
"7669","7400","269","2014-04-07 00:00:00"
"8201","7943","258","2014-04-08 00:00:00"
"8160","7888","272","2014-04-09 00:00:00"
"8047","7733","314","2014-04-10 00:00:00"
"7295","7014","281","2014-04-11 00:00:00"
"4225","4080","145","2014-04-12 00:00:00"
"4076","3918","158","2014-04-13 00:00:00"
"7182","6904","278","2014-04-14 00:00:00"
"7796","7534","262","2014-04-15 00:00:00"
"7968","7670","298","2014-04-16 00:00:00"
"7350","7064","286","2014-04-17 00:00:00"
"6000","5789","211","2014-04-18 00:00:00"
"4110","3949","161","2014-04-19 00:00:00"
"3687","3551","136","2014-04-20 00:00:00"
"6230","5998","232","2014-04-21 00:00:00"
"7881","7592","289","2014-04-22 00:00:00"
"7949","7651","298","2014-04-23 00:00:00"
"7776","7471","305","2014-04-24 00:00:00"
"7448","7184","264","2014-04-25 00:00:00"
"4083","3869","214","2014-04-26 00:00:00"
"4106","3918","188","2014-04-27 00:00:00"
"7285","6994","291","2014-04-28 00:00:00"
"7598","7300","298","2014-04-29 00:00:00"
"7049","6791","258","2014-04-30 00:00:00"
"5987","5734","253","2014-05-01 00:00:00"
"6292","6035","257","2014-05-02 00:00:00"
"3894","3682","212","2014-05-03 00:00:00"
"3806","3626","180","2014-05-04 00:00:00"
"6599","6283","316","2014-05-05 00:00:00"
"7127","6803","324","2014-05-06 00:00:00"
"7482","7146","336","2014-05-07 00:00:00"
"7709","7334","375","2014-05-08 00:00:00"
"6627","6286","341","2014-05-09 00:00:00"
"3764","3553","211","2014-05-10 00:00:00"
"3706","3493","213","2014-05-11 00:00:00"
"6850","6455","395","2014-05-12 00:00:00"
"7281","6809","472","2014-05-13 00:00:00"
"7483","7053","430","2014-05-14 00:00:00"
"7502","7084","418","2014-05-15 00:00:00"
"4663","4391","272","2014-05-16 00:00:00"
"3510","3273","237","2014-05-17 00:00:00"
"3378","3130","248","2014-05-18 00:00:00"
"6680","6253","427","2014-05-19 00:00:00"
"7299","6845","454","2014-05-20 00:00:00"
"7625","7246","379","2014-05-21 00:00:00"
"7400","6970","430","2014-05-22 00:00:00"
"6561","6233","328","2014-05-23 00:00:00"
"3351","3106","245","2014-05-24 00:00:00"
"3327","3081","246","2014-05-25 00:00:00"
"5707","5386","321","2014-05-26 00:00:00"
"6826","6411","415","2014-05-27 00:00:00"
"7172","6784","388","2014-05-28 00:00:00"
"6753","6414","339","2014-05-29 00:00:00"
"6303","5953","350","2014-05-30 00:00:00"
"2907","2738","169","2014-05-31 00:00:00"
"3264","3050","214","2014-06-01 00:00:00"
"6134","5770","364","2014-06-02 00:00:00"
"6877","6489","388","2014-06-03 00:00:00"
"7245","6863","382","2014-06-04 00:00:00"
"7148","6760","388","2014-06-05 00:00:00"
"6319","5960","359","2014-06-06 00:00:00"
"2987","2809","178","2014-06-07 00:00:00"
"3392","3184","208","2014-06-08 00:00:00"
"6026","5694","332","2014-06-09 00:00:00"
"6969","6624","345","2014-06-10 00:00:00"
"6875","6538","337","2014-06-11 00:00:00"
"6682","6386","296","2014-06-12 00:00:00"
"6085","5740","345","2014-06-13 00:00:00"
"3190","3033","157","2014-06-14 00:00:00"
"3168","3000","168","2014-06-15 00:00:00"
"6029","5726","303","2014-06-16 00:00:00"
"6886","6558","328","2014-06-17 00:00:00"
"6952","6630","322","2014-06-18 00:00:00"
"6886","6592","294","2014-06-19 00:00:00"
"6109","5841","268","2014-06-20 00:00:00"
"3126","2974","152","2014-06-21 00:00:00"
"3241","3057","184","2014-06-22 00:00:00"
"6260","6001","259","2014-06-23 00:00:00"
"6903","6593","310","2014-06-24 00:00:00"
"7129","6818","311","2014-06-25 00:00:00"
"6941","6660","281","2014-06-26 00:00:00"
"6418","6135","283","2014-06-27 00:00:00"
"3059","2904","155","2014-06-28 00:00:00"
"2994","2843","151","2014-06-29 00:00:00"
"6251","5944","307","2014-06-30 00:00:00"
"6512","6205","307","2014-07-01 00:00:00"
"7065","6733","332","2014-07-02 00:00:00"
"7069","6757","312","2014-07-03 00:00:00"
"5282","5006","276","2014-07-04 00:00:00"
"3077","2894","183","2014-07-05 00:00:00"
"3184","3013","171","2014-07-06 00:00:00"
"6647","6352","295","2014-07-07 00:00:00"
"6918","6597","321","2014-07-08 00:00:00"
"7097","6829","268","2014-07-09 00:00:00"
"6919","6632","287","2014-07-10 00:00:00"
"6362","6053","309","2014-07-11 00:00:00"
"3145","2981","164","2014-07-12 00:00:00"
"3096","2936","160","2014-07-13 00:00:00"
"6501","6256","245","2014-07-14 00:00:00"
"7044","6752","292","2014-07-15 00:00:00"
"7356","7061","295","2014-07-16 00:00:00"
"7244","6965","279","2014-07-17 00:00:00"
"6368","6078","290","2014-07-18 00:00:00"
"3358","3193","165","2014-07-19 00:00:00"
"3206","3040","166","2014-07-20 00:00:00"
"6831","6542","289","2014-07-21 00:00:00"
"7411","7069","342","2014-07-22 00:00:00"
"7442","7145","297","2014-07-23 00:00:00"
"7281","7020","261","2014-07-24 00:00:00"
"6343","6038","305","2014-07-25 00:00:00"
"3325","3159","166","2014-07-26 00:00:00"
"3357","3181","176","2014-07-27 00:00:00"
"6274","5981","293","2014-07-28 00:00:00"
"6676","6384","292","2014-07-29 00:00:00"
"7003","6693","310","2014-07-30 00:00:00"
"6984","6644","340","2014-07-31 00:00:00"
"6113","5840","273","2014-08-01 00:00:00"
"3181","3015","166","2014-08-02 00:00:00"
"3112","2962","150","2014-08-03 00:00:00"
"6160","5907","253","2014-08-04 00:00:00"
"6714","6448","266","2014-08-05 00:00:00"
"7111","6848","263","2014-08-06 00:00:00"
"7057","6820","237","2014-08-07 00:00:00"
"6314","6048","266","2014-08-08 00:00:00"
"3307","3136","171","2014-08-09 00:00:00"
"3257","3083","174","2014-08-10 00:00:00"
"6420","6134","286","2014-08-11 00:00:00"
"7065","6764","301","2014-08-12 00:00:00"
"7056","6732","324","2014-08-13 00:00:00"
"6895","6618","277","2014-08-14 00:00:00"
"5206","4948","258","2014-08-15 00:00:00"
"3031","2899","132","2014-08-16 00:00:00"
"3123","2964","159","2014-08-17 00:00:00"
"6115","5827","288","2014-08-18 00:00:00"
"6769","6469","300","2014-08-19 00:00:00"
"6862","6558","304","2014-08-20 00:00:00"
"6810","6485","325","2014-08-21 00:00:00"
"6186","5912","274","2014-08-22 00:00:00"
"3253","3091","162","2014-08-23 00:00:00"
"3280","3099","181","2014-08-24 00:00:00"
"5940","5693","247","2014-08-25 00:00:00"
"6722","6432","290","2014-08-26 00:00:00"
"6924","6587","337","2014-08-27 00:00:00"
"6688","6382","306","2014-08-28 00:00:00"
"5581","5311","270","2014-08-29 00:00:00"
"3090","2937","153","2014-08-30 00:00:00"
"2999","2852","147","2014-08-31 00:00:00"
"5410","5180","230","2014-09-01 00:00:00"
"6383","6070","313","2014-09-02 00:00:00"
"6787","6487","300","2014-09-03 00:00:00"
"6794","6485","309","2014-09-04 00:00:00"
"5940","5679","261","2014-09-05 00:00:00"
"3288","3124","164","2014-09-06 00:00:00"
"3172","2997","175","2014-09-07 00:00:00"
"6081","5813","268","2014-09-08 00:00:00"
"6520","6245","275","2014-09-09 00:00:00"
"6982","6668","314","2014-09-10 00:00:00"
"6994","6705","289","2014-09-11 00:00:00"
"6207","5910","297","2014-09-12 00:00:00"
"3337","3160","177","2014-09-13 00:00:00"
"3354","3184","170","2014-09-14 00:00:00"
"6334","6035","299","2014-09-15 00:00:00"
"6827","6555","272","2014-09-16 00:00:00"
"6994","6699","295","2014-09-17 00:00:00"
"7128","6789","339","2014-09-18 00:00:00"
"6162","5907","255","2014-09-19 00:00:00"
"3346","3204","142","2014-09-20 00:00:00"
"3429","3255","174","2014-09-21 00:00:00"
"6393","6111","282","2014-09-22 00:00:00"
"6942","6652","290","2014-09-23 00:00:00"
"6994","6742","252","2014-09-24 00:00:00"
"6898","6637","261","2014-09-25 00:00:00"
"6405","6157","248","2014-09-26 00:00:00"
"3256","3087","169","2014-09-27 00:00:00"
"3344","3143","201","2014-09-28 00:00:00"
"6365","6139","226","2014-09-29 00:00:00"
"6822","6564","258","2014-09-30 00:00:00"
"6630","6345","285","2014-10-01 00:00:00"
"6121","5848","273","2014-10-02 00:00:00"
"5357","5138","219","2014-10-03 00:00:00"
"3195","3041","154","2014-10-04 00:00:00"
"3364","3206","158","2014-10-05 00:00:00"
"5884","5623","261","2014-10-06 00:00:00"
"6460","6215","245","2014-10-07 00:00:00"
"6774","6472","302","2014-10-08 00:00:00"
"6948","6646","302","2014-10-09 00:00:00"
"6315","6054","261","2014-10-10 00:00:00"
"3474","3314","160","2014-10-11 00:00:00"
"3529","3372","157","2014-10-12 00:00:00"
"6418","6136","282","2014-10-13 00:00:00"
"6929","6651","278","2014-10-14 00:00:00"
"7005","6750","255","2014-10-15 00:00:00"
"7069","6820","249","2014-10-16 00:00:00"
"6043","5776","267","2014-10-17 00:00:00"
"3436","3276","160","2014-10-18 00:00:00"
"3482","3297","185","2014-10-19 00:00:00"
"6545","6303","242","2014-10-20 00:00:00"
"6891","6665","226","2014-10-21 00:00:00"
"6740","6466","274","2014-10-22 00:00:00"
"6524","6285","239","2014-10-23 00:00:00"
"5935","5689","246","2014-10-24 00:00:00"
"3413","3257","156","2014-10-25 00:00:00"
"3564","3402","162","2014-10-26 00:00:00"
"6323","6073","250","2014-10-27 00:00:00"
"6898","6655","243","2014-10-28 00:00:00"
"7162","6897","265","2014-10-29 00:00:00"
"7293","7032","261","2014-10-30 00:00:00"
"6270","6022","248","2014-10-31 00:00:00"
"2979","2877","102","2014-11-01 00:00:00"
"3688","3527","161","2014-11-02 00:00:00"
"6331","6123","208","2014-11-03 00:00:00"
"7136","6847","289","2014-11-04 00:00:00"
"7093","6808","285","2014-11-05 00:00:00"
"7151","6866","285","2014-11-06 00:00:00"
"6566","6337","229","2014-11-07 00:00:00"
"3604","3470","134","2014-11-08 00:00:00"
"3701","3551","150","2014-11-09 00:00:00"
"6567","6330","237","2014-11-10 00:00:00"
"6955","6693","262","2014-11-11 00:00:00"
"7183","6925","258","2014-11-12 00:00:00"
"6931","6682","249","2014-11-13 00:00:00"
"6331","6085","246","2014-11-14 00:00:00"
"3661","3500","161","2014-11-15 00:00:00"
"3660","3500","160","2014-11-16 00:00:00"
"6727","6500","227","2014-11-17 00:00:00"
"7324","7088","236","2014-11-18 00:00:00"
"7255","7019","236","2014-11-19 00:00:00"
"7286","7038","248","2014-11-20 00:00:00"
"6493","6253","240","2014-11-21 00:00:00"
"3655","3498","157","2014-11-22 00:00:00"
"3886","3752","134","2014-11-23 00:00:00"
"6599","6360","239","2014-11-24 00:00:00"
"7118","6865","253","2014-11-25 00:00:00"
"6992","6734","258","2014-11-26 00:00:00"
"6009","5816","193","2014-11-27 00:00:00"
"5536","5345","191","2014-11-28 00:00:00"
"3591","3436","155","2014-11-29 00:00:00"
"3656","3502","154","2014-11-30 00:00:00"
"6376","6124","252","2014-12-01 00:00:00"
"6977","6700","277","2014-12-02 00:00:00"
"7194","6956","238","2014-12-03 00:00:00"
"7179","6887","292","2014-12-04 00:00:00"
"6400","6151","249","2014-12-05 00:00:00"
"3568","3392","176","2014-12-06 00:00:00"
"3691","3539","152","2014-12-07 00:00:00"
"6423","6170","253","2014-12-08 00:00:00"
"7067","6753","314","2014-12-09 00:00:00"
"6982","6709","273","2014-12-10 00:00:00"
"6976","6682","294","2014-12-11 00:00:00"
"6118","5849","269","2014-12-12 00:00:00"
"3349","3153","196","2014-12-13 00:00:00"
"3411","3210","201","2014-12-14 00:00:00"
"6034","5684","350","2014-12-15 00:00:00"
"6454","6092","362","2014-12-16 00:00:00"
"6562","6213","349","2014-12-17 00:00:00"
"6461","6164","297","2014-12-18 00:00:00"
"5516","5239","277","2014-12-19 00:00:00"
"2966","2763","203","2014-12-20 00:00:00"
"2965","2800","165","2014-12-21 00:00:00"
"5451","5188","263","2014-12-22 00:00:00"
"5422","5144","278","2014-12-23 00:00:00"
"4127","3898","229","2014-12-24 00:00:00"
"2583","2430","153","2014-12-25 00:00:00"
"3565","3382","183","2014-12-26 00:00:00"
"2932","2760","172","2014-12-27 00:00:00"
"2997","2830","167","2014-12-28 00:00:00"
"5018","4818","200","2014-12-29 00:00:00"
"5235","5006","229","2014-12-30 00:00:00"
"4018","3807","211","2014-12-31 00:00:00"
"2660","2514","146","2015-01-01 00:00:00"
"4579","4355","224","2015-01-02 00:00:00"
"3335","3166","169","2015-01-03 00:00:00"
"3430","3252","178","2015-01-04 00:00:00"
"5782","5532","250","2015-01-05 00:00:00"
"6151","5898","253","2015-01-06 00:00:00"
"6585","6350","235","2015-01-07 00:00:00"
"6763","6514","249","2015-01-08 00:00:00"
"6267","6029","238","2015-01-09 00:00:00"
"3509","3335","174","2015-01-10 00:00:00"
"3563","3375","188","2015-01-11 00:00:00"
"6204","5949","255","2015-01-12 00:00:00"
"6726","6481","245","2015-01-13 00:00:00"
"6812","6564","248","2015-01-14 00:00:00"
"6713","6483","230","2015-01-15 00:00:00"
"6276","6055","221","2015-01-16 00:00:00"
"3538","3389","149","2015-01-17 00:00:00"
"3454","3288","166","2015-01-18 00:00:00"
"6437","6206","231","2015-01-19 00:00:00"
"7054","6831","223","2015-01-20 00:00:00"
"7138","6849","289","2015-01-21 00:00:00"
"7000","6758","242","2015-01-22 00:00:00"
"6415","6150","265","2015-01-23 00:00:00"
"3536","3370","166","2015-01-24 00:00:00"
"3717","3569","148","2015-01-25 00:00:00"
"5895","5664","231","2015-01-26 00:00:00"
"6876","6652","224","2015-01-27 00:00:00"
"7286","7041","245","2015-01-28 00:00:00"
"7188","6928","260","2015-01-29 00:00:00"
"6293","6061","232","2015-01-30 00:00:00"
"3695","3546","149","2015-01-31 00:00:00"
"3756","3613","143","2015-02-01 00:00:00"
"6454","6255","199","2015-02-02 00:00:00"
"7245","7048","197","2015-02-03 00:00:00"
"7442","7206","236","2015-02-04 00:00:00"
"7246","7021","225","2015-02-05 00:00:00"
"6620","6397","223","2015-02-06 00:00:00"
"3902","3771","131","2015-02-07 00:00:00"
"3920","3772","148","2015-02-08 00:00:00"
"6927","6718","209","2015-02-09 00:00:00"
"7276","7042","234","2015-02-10 00:00:00"
"7342","7086","256","2015-02-11 00:00:00"
"7622","7389","233","2015-02-12 00:00:00"
"6594","6380","214","2015-02-13 00:00:00"
"3464","3324","140","2015-02-14 00:00:00"
"3630","3481","149","2015-02-15 00:00:00"
"6522","6305","217","2015-02-16 00:00:00"
"7076","6914","162","2015-02-17 00:00:00"
"7499","7285","214","2015-02-18 00:00:00"
"7455","7230","225","2015-02-19 00:00:00"
"6690","6458","232","2015-02-20 00:00:00"
"4105","3935","170","2015-02-21 00:00:00"
"4007","3867","140","2015-02-22 00:00:00"
"6962","6745","217","2015-02-23 00:00:00"
"7439","7218","221","2015-02-24 00:00:00"
"7614","7402","212","2015-02-25 00:00:00"
"7581","7350","231","2015-02-26 00:00:00"
"6846","6649","197","2015-02-27 00:00:00"
"3856","3698","158","2015-02-28 00:00:00"
"4013","3886","127","2015-03-01 00:00:00"
"6911","6734","177","2015-03-02 00:00:00"
"7419","7203","216","2015-03-03 00:00:00"
"7697","7473","224","2015-03-04 00:00:00"
"7472","7246","226","2015-03-05 00:00:00"
"6474","6253","221","2015-03-06 00:00:00"
"3859","3715","144","2015-03-07 00:00:00"
"3918","3781","137","2015-03-08 00:00:00"
"6816","6640","176","2015-03-09 00:00:00"
"7372","7167","205","2015-03-10 00:00:00"
"7758","7560","198","2015-03-11 00:00:00"
"7626","7420","206","2015-03-12 00:00:00"
"6937","6720","217","2015-03-13 00:00:00"
"3889","3751","138","2015-03-14 00:00:00"
"3958","3812","146","2015-03-15 00:00:00"
"7106","6889","217","2015-03-16 00:00:00"
"7582","7348","234","2015-03-17 00:00:00"
"7585","7383","202","2015-03-18 00:00:00"
"7329","7077","252","2015-03-19 00:00:00"
"6635","6401","234","2015-03-20 00:00:00"
"3860","3722","138","2015-03-21 00:00:00"
"4034","3880","154","2015-03-22 00:00:00"
"6947","6708","239","2015-03-23 00:00:00"
"7483","7242","241","2015-03-24 00:00:00"
"7818","7587","231","2015-03-25 00:00:00"
"7278","7055","223","2015-03-26 00:00:00"
"6876","6676","200","2015-03-27 00:00:00"
"3987","3835","152","2015-03-28 00:00:00"
"4115","3963","152","2015-03-29 00:00:00"
"7309","7052","257","2015-03-30 00:00:00"
"7329","7119","210","2015-03-31 00:00:00"
"7395","7171","224","2015-04-01 00:00:00"
"7023","6821","202","2015-04-02 00:00:00"
"6236","6039","197","2015-04-03 00:00:00"
"4340","4173","167","2015-04-04 00:00:00"
"3959","3798","161","2015-04-05 00:00:00"
"6673","6461","212","2015-04-06 00:00:00"
"7972","7673","299","2015-04-07 00:00:00"
"8600","8294","306","2015-04-08 00:00:00"
"8629","8326","303","2015-04-09 00:00:00"
"7638","7327","311","2015-04-10 00:00:00"
"4222","4041","181","2015-04-11 00:00:00"
"4228","4038","190","2015-04-12 00:00:00"
"7675","7348","327","2015-04-13 00:00:00"
"8121","7774","347","2015-04-14 00:00:00"
"8460","8107","353","2015-04-15 00:00:00"
"8712","8357","355","2015-04-16 00:00:00"
"7974","7634","340","2015-04-17 00:00:00"
"4502","4273","229","2015-04-18 00:00:00"
"4692","4478","214","2015-04-19 00:00:00"
"8269","7902","367","2015-04-20 00:00:00"
"8788","8420","368","2015-04-21 00:00:00"
"9194","8848","346","2015-04-22 00:00:00"
"9130","8778","352","2015-04-23 00:00:00"
"8055","7751","304","2015-04-24 00:00:00"
"4492","4279","213","2015-04-25 00:00:00"
"4648","4429","219","2015-04-26 00:00:00"
"8257","7963","294","2015-04-27 00:00:00"
"8736","8427","309","2015-04-28 00:00:00"
"8778","8439","339","2015-04-29 00:00:00"
"8219","7914","305","2015-04-30 00:00:00"
"5999","5748","251","2015-05-01 00:00:00"
"4233","4015","218","2015-05-02 00:00:00"
"4375","4191","184","2015-05-03 00:00:00"
"7659","7362","297","2015-05-04 00:00:00"
"8328","8000","328","2015-05-05 00:00:00"
"8758","8443","315","2015-05-06 00:00:00"
"8675","8305","370","2015-05-07 00:00:00"
"7589","7246","343","2015-05-08 00:00:00"
"4172","3984","188","2015-05-09 00:00:00"
"4183","3996","187","2015-05-10 00:00:00"
"7980","7704","276","2015-05-11 00:00:00"
"8669","8374","295","2015-05-12 00:00:00"
"8472","8138","334","2015-05-13 00:00:00"
"8181","7901","280","2015-05-14 00:00:00"
"7503","7156","347","2015-05-15 00:00:00"
"4155","3969","186","2015-05-16 00:00:00"
"4072","3875","197","2015-05-17 00:00:00"
"7751","7410","341","2015-05-18 00:00:00"
"8556","8194","362","2015-05-19 00:00:00"
"8802","8463","339","2015-05-20 00:00:00"
"8632","8301","331","2015-05-21 00:00:00"
"7648","7301","347","2015-05-22 00:00:00"
"4025","3862","163","2015-05-23 00:00:00"
"3915","3718","197","2015-05-24 00:00:00"
"6481","6205","276","2015-05-25 00:00:00"
"8506","8154","352","2015-05-26 00:00:00"
"8713","8394","319","2015-05-27 00:00:00"
"8738","8403","335","2015-05-28 00:00:00"
"7852","7547","305","2015-05-29 00:00:00"
"4193","4015","178","2015-05-30 00:00:00"
"4232","4045","187","2015-05-31 00:00:00"
"7815","7544","271","2015-06-01 00:00:00"
"8575","8217","358","2015-06-02 00:00:00"
"8938","8647","291","2015-06-03 00:00:00"
"8559","8275","284","2015-06-04 00:00:00"
"7870","7564","306","2015-06-05 00:00:00"
"4033","3885","148","2015-06-06 00:00:00"
"4051","3858","193","2015-06-07 00:00:00"
"7838","7540","298","2015-06-08 00:00:00"
"8781","8440","341","2015-06-09 00:00:00"
"8946","8629","317","2015-06-10 00:00:00"
"8908","8579","329","2015-06-11 00:00:00"
"7335","7029","306","2015-06-12 00:00:00"
"3978","3786","192","2015-06-13 00:00:00"
"3973","3788","185","2015-06-14 00:00:00"
"7785","7426","359","2015-06-15 00:00:00"
"8578","8288","290","2015-06-16 00:00:00"
"8888","8575","313","2015-06-17 00:00:00"
"8663","8351","312","2015-06-18 00:00:00"
"7490","7218","272","2015-06-19 00:00:00"
"4005","3822","183","2015-06-20 00:00:00"
"3950","3789","161","2015-06-21 00:00:00"
"7882","7622","260","2015-06-22 00:00:00"
"8713","8447","266","2015-06-23 00:00:00"
"8902","8577","325","2015-06-24 00:00:00"
"8771","8487","284","2015-06-25 00:00:00"
"7766","7489","277","2015-06-26 00:00:00"
"3929","3775","154","2015-06-27 00:00:00"
"4113","3977","136","2015-06-28 00:00:00"
"8104","7811","293","2015-06-29 00:00:00"
"8614","8321","293","2015-06-30 00:00:00"
"8660","8376","284","2015-07-01 00:00:00"
"8571","8280","291","2015-07-02 00:00:00"
"6869","6593","276","2015-07-03 00:00:00"
"3860","3668","192","2015-07-04 00:00:00"
"3698","3531","167","2015-07-05 00:00:00"
"8014","7733","281","2015-07-06 00:00:00"
"8806","8480","326","2015-07-07 00:00:00"
"9136","8769","367","2015-07-08 00:00:00"
"9101","8806","295","2015-07-09 00:00:00"
"7896","7618","278","2015-07-10 00:00:00"
"3980","3820","160","2015-07-11 00:00:00"
"3920","3741","179","2015-07-12 00:00:00"
"8152","7824","328","2015-07-13 00:00:00"
"8807","8473","334","2015-07-14 00:00:00"
"8824","8524","300","2015-07-15 00:00:00"
"8596","8299","297","2015-07-16 00:00:00"
"7350","7063","287","2015-07-17 00:00:00"
"3685","3503","182","2015-07-18 00:00:00"
"3880","3684","196","2015-07-19 00:00:00"
"7833","7530","303","2015-07-20 00:00:00"
"8620","8309","311","2015-07-21 00:00:00"
"9033","8739","294","2015-07-22 00:00:00"
"8994","8694","300","2015-07-23 00:00:00"
"7969","7705","264","2015-07-24 00:00:00"
"3980","3827","153","2015-07-25 00:00:00"
"4027","3833","194","2015-07-26 00:00:00"
"8342","8044","298","2015-07-27 00:00:00"
"9022","8688","334","2015-07-28 00:00:00"
"9047","8743","304","2015-07-29 00:00:00"
"8485","8146","339","2015-07-30 00:00:00"
"7606","7305","301","2015-07-31 00:00:00"
"3782","3610","172","2015-08-01 00:00:00"
"3869","3707","162","2015-08-02 00:00:00"
"7824","7530","294","2015-08-03 00:00:00"
"8460","8131","329","2015-08-04 00:00:00"
"8814","8523","291","2015-08-05 00:00:00"
"8586","8299","287","2015-08-06 00:00:00"
"7533","7223","310","2015-08-07 00:00:00"
"3783","3598","185","2015-08-08 00:00:00"
"3825","3637","188","2015-08-09 00:00:00"
"7841","7531","310","2015-08-10 00:00:00"
"8537","8243","294","2015-08-11 00:00:00"
"8709","8378","331","2015-08-12 00:00:00"
"8665","8332","333","2015-08-13 00:00:00"
"7234","6937","297","2015-08-14 00:00:00"
"3774","3583","191","2015-08-15 00:00:00"
"3794","3609","185","2015-08-16 00:00:00"
"7668","7424","244","2015-08-17 00:00:00"
"8542","8240","302","2015-08-18 00:00:00"
"8655","8380","275","2015-08-19 00:00:00"
"8652","8380","272","2015-08-20 00:00:00"
"7514","7238","276","2015-08-21 00:00:00"
"3883","3712","171","2015-08-22 00:00:00"
"4012","3844","168","2015-08-23 00:00:00"
"7715","7424","291","2015-08-24 00:00:00"
"8369","8071","298","2015-08-25 00:00:00"
"8399","8131","268","2015-08-26 00:00:00"
"8339","8028","311","2015-08-27 00:00:00"
"7160","6892","268","2015-08-28 00:00:00"
"3796","3630","166","2015-08-29 00:00:00"
"3838","3640","198","2015-08-30 00:00:00"
"7283","7032","251","2015-08-31 00:00:00"
"8005","7725","280","2015-09-01 00:00:00"
"8329","8055","274","2015-09-02 00:00:00"
"8254","7938","316","2015-09-03 00:00:00"
"7322","7055","267","2015-09-04 00:00:00"
"3901","3731","170","2015-09-05 00:00:00"
"4028","3847","181","2015-09-06 00:00:00"
"6670","6388","282","2015-09-07 00:00:00"
"7984","7654","330","2015-09-08 00:00:00"
"8065","7763","302","2015-09-09 00:00:00"
"8308","7997","311","2015-09-10 00:00:00"
"7467","7147","320","2015-09-11 00:00:00"
"3983","3813","170","2015-09-12 00:00:00"
"3963","3759","204","2015-09-13 00:00:00"
"7606","7335","271","2015-09-14 00:00:00"
"8223","7904","319","2015-09-15 00:00:00"
"8643","8351","292","2015-09-16 00:00:00"
"7901","7580","321","2015-09-17 00:00:00"
"7651","7339","312","2015-09-18 00:00:00"
"4213","4015","198","2015-09-19 00:00:00"
"4085","3895","190","2015-09-20 00:00:00"
"7744","7458","286","2015-09-21 00:00:00"
"8392","8074","318","2015-09-22 00:00:00"
"8218","7922","296","2015-09-23 00:00:00"
"7860","7573","287","2015-09-24 00:00:00"
"7018","6737","281","2015-09-25 00:00:00"
"4012","3835","177","2015-09-26 00:00:00"
"3973","3794","179","2015-09-27 00:00:00"
"7274","6988","286","2015-09-28 00:00:00"
"8161","7906","255","2015-09-29 00:00:00"
"7968","7626","342","2015-09-30 00:00:00"
"7883","7592","291","2015-10-01 00:00:00"
"6985","6669","316","2015-10-02 00:00:00"
"4024","3845","179","2015-10-03 00:00:00"
"3987","3786","201","2015-10-04 00:00:00"
"7443","7159","284","2015-10-05 00:00:00"
"8225","7927","298","2015-10-06 00:00:00"
"8658","8356","302","2015-10-07 00:00:00"
"8865","8555","310","2015-10-08 00:00:00"
"7696","7394","302","2015-10-09 00:00:00"
"4170","3990","180","2015-10-10 00:00:00"
"4165","3971","194","2015-10-11 00:00:00"
"7677","7372","305","2015-10-12 00:00:00"
"8387","8053","334","2015-10-13 00:00:00"
"8712","8357","355","2015-10-14 00:00:00"
"8597","8268","329","2015-10-15 00:00:00"
"7633","7334","299","2015-10-16 00:00:00"
"4256","4063","193","2015-10-17 00:00:00"
"4303","4107","196","2015-10-18 00:00:00"
"8001","7681","320","2015-10-19 00:00:00"
"8720","8386","334","2015-10-20 00:00:00"
"8320","7973","347","2015-10-21 00:00:00"
"8121","7800","321","2015-10-22 00:00:00"
"7481","7179","302","2015-10-23 00:00:00"
"4282","4082","200","2015-10-24 00:00:00"
"4309","4104","205","2015-10-25 00:00:00"
"8030","7694","336","2015-10-26 00:00:00"
"8597","8215","382","2015-10-27 00:00:00"
"8629","8283","346","2015-10-28 00:00:00"
"8600","8279","321","2015-10-29 00:00:00"
"7281","6952","329","2015-10-30 00:00:00"
"4124","3931","193","2015-10-31 00:00:00"
"4103","3872","231","2015-11-01 00:00:00"
"7683","7318","365","2015-11-02 00:00:00"
"8291","7900","391","2015-11-03 00:00:00"
"8542","8194","348","2015-11-04 00:00:00"
"8651","8287","364","2015-11-05 00:00:00"
"7621","7316","305","2015-11-06 00:00:00"
"4330","4086","244","2015-11-07 00:00:00"
"4346","4127","219","2015-11-08 00:00:00"
"7601","7286","315","2015-11-09 00:00:00"
"8105","7802","303","2015-11-10 00:00:00"
"7579","7294","285","2015-11-11 00:00:00"
"8158","7758","400","2015-11-12 00:00:00"
"7400","7061","339","2015-11-13 00:00:00"
"4160","3928","232","2015-11-14 00:00:00"
"4391","4139","252","2015-11-15 00:00:00"
"7700","7334","366","2015-11-16 00:00:00"
"8539","8160","379","2015-11-17 00:00:00"
"8773","8371","402","2015-11-18 00:00:00"
"8969","8554","415","2015-11-19 00:00:00"
"7940","7583","357","2015-11-20 00:00:00"
"4407","4189","218","2015-11-21 00:00:00"
"4369","4140","229","2015-11-22 00:00:00"
"7991","7647","344","2015-11-23 00:00:00"
"8594","8234","360","2015-11-24 00:00:00"
"8361","7973","388","2015-11-25 00:00:00"
"7481","7142","339","2015-11-26 00:00:00"
"6435","6149","286","2015-11-27 00:00:00"
"4296","4082","214","2015-11-28 00:00:00"
"4394","4162","232","2015-11-29 00:00:00"
"7731","7368","363","2015-11-30 00:00:00"
"8343","7975","368","2015-12-01 00:00:00"
"8657","8261","396","2015-12-02 00:00:00"
"8724","8273","451","2015-12-03 00:00:00"
"7787","7384","403","2015-12-04 00:00:00"
"4352","4118","234","2015-12-05 00:00:00"
"4559","4296","263","2015-12-06 00:00:00"
"8008","7629","379","2015-12-07 00:00:00"
"8562","8187","375","2015-12-08 00:00:00"
"8557","8148","409","2015-12-09 00:00:00"
"8375","8011","364","2015-12-10 00:00:00"
"7594","7220","374","2015-12-11 00:00:00"
"4394","4175","219","2015-12-12 00:00:00"
"4326","4085","241","2015-12-13 00:00:00"
"7647","7186","461","2015-12-14 00:00:00"
"8375","7891","484","2015-12-15 00:00:00"
"8263","7831","432","2015-12-16 00:00:00"
"8070","7633","437","2015-12-17 00:00:00"
"6926","6556","370","2015-12-18 00:00:00"
"3857","3606","251","2015-12-19 00:00:00"
"3813","3569","244","2015-12-20 00:00:00"
"7054","6710","344","2015-12-21 00:00:00"
"7315","6941","374","2015-12-22 00:00:00"
"6771","6443","328","2015-12-23 00:00:00"
"4819","4532","287","2015-12-24 00:00:00"
"3025","2870","155","2015-12-25 00:00:00"
"3214","3040","174","2015-12-26 00:00:00"
"3506","3278","228","2015-12-27 00:00:00"
"5917","5629","288","2015-12-28 00:00:00"
"6667","6334","333","2015-12-29 00:00:00"
"6398","6049","349","2015-12-30 00:00:00"
"4595","4321","274","2015-12-31 00:00:00"
"3023","2820","203","2016-01-01 00:00:00"
"3726","3452","274","2016-01-02 00:00:00"
"3898","3647","251","2016-01-03 00:00:00"
"6838","6497","341","2016-01-04 00:00:00"
"7717","7341","376","2016-01-05 00:00:00"
"8038","7624","414","2016-01-06 00:00:00"
"8172","7803","369","2016-01-07 00:00:00"
"7519","7143","376","2016-01-08 00:00:00"
"4409","4136","273","2016-01-09 00:00:00"
"4388","4159","229","2016-01-10 00:00:00"
"7854","7491","363","2016-01-11 00:00:00"
"8392","8036","356","2016-01-12 00:00:00"
"8667","8310","357","2016-01-13 00:00:00"
"8451","8101","350","2016-01-14 00:00:00"
"7240","6905","335","2016-01-15 00:00:00"
"4264","4001","263","2016-01-16 00:00:00"
"4430","4213","217","2016-01-17 00:00:00"
"7850","7469","381","2016-01-18 00:00:00"
"8339","7950","389","2016-01-19 00:00:00"
"9018","8622","396","2016-01-20 00:00:00"
"8694","8317","377","2016-01-21 00:00:00"
"7891","7518","373","2016-01-22 00:00:00"
"4621","4363","258","2016-01-23 00:00:00"
"4599","4357","242","2016-01-24 00:00:00"
"8068","7684","384","2016-01-25 00:00:00"
"8019","7656","363","2016-01-26 00:00:00"
"8968","8576","392","2016-01-27 00:00:00"
"8847","8429","418","2016-01-28 00:00:00"
"7898","7572","326","2016-01-29 00:00:00"
"4478","4246","232","2016-01-30 00:00:00"
"4509","4298","211","2016-01-31 00:00:00"
"8103","7743","360","2016-02-01 00:00:00"
"8708","8288","420","2016-02-02 00:00:00"
"9024","8639","385","2016-02-03 00:00:00"
"8824","8405","419","2016-02-04 00:00:00"
"7872","7516","356","2016-02-05 00:00:00"
"4586","4347","239","2016-02-06 00:00:00"
"4653","4378","275","2016-02-07 00:00:00"
"7710","7313","397","2016-02-08 00:00:00"
"8542","8124","418","2016-02-09 00:00:00"
"8898","8478","420","2016-02-10 00:00:00"
"9048","8632","416","2016-02-11 00:00:00"
"7946","7616","330","2016-02-12 00:00:00"
"4533","4292","241","2016-02-13 00:00:00"
"4385","4156","229","2016-02-14 00:00:00"
"8171","7791","380","2016-02-15 00:00:00"
"8982","8597","385","2016-02-16 00:00:00"
"9340","8944","396","2016-02-17 00:00:00"
"9348","8950","398","2016-02-18 00:00:00"
"8337","7939","398","2016-02-19 00:00:00"
"4925","4650","275","2016-02-20 00:00:00"
"4885","4599","286","2016-02-21 00:00:00"
"8528","8099","429","2016-02-22 00:00:00"
"9146","8716","430","2016-02-23 00:00:00"
"9413","8982","431","2016-02-24 00:00:00"
"9587","9192","395","2016-02-25 00:00:00"
"8458","8109","349","2016-02-26 00:00:00"
"4875","4651","224","2016-02-27 00:00:00"
"4679","4444","235","2016-02-28 00:00:00"
"8382","7941","441","2016-02-29 00:00:00"
"8940","8543","397","2016-03-01 00:00:00"
"9343","8976","367","2016-03-02 00:00:00"
"9882","9457","425","2016-03-03 00:00:00"
"8859","8442","417","2016-03-04 00:00:00"
"5225","4938","287","2016-03-05 00:00:00"
"4958","4662","296","2016-03-06 00:00:00"
"8936","8554","382","2016-03-07 00:00:00"
"9769","9314","455","2016-03-08 00:00:00"
"9894","9408","486","2016-03-09 00:00:00"
"9877","9413","464","2016-03-10 00:00:00"
"8852","8351","501","2016-03-11 00:00:00"
"4995","4680","315","2016-03-12 00:00:00"
"5058","4704","354","2016-03-13 00:00:00"
"9194","8705","489","2016-03-14 00:00:00"
"9656","9094","562","2016-03-15 00:00:00"
"9868","9332","536","2016-03-16 00:00:00"
"9669","9075","594","2016-03-17 00:00:00"
"8516","7974","542","2016-03-18 00:00:00"
"4763","4392","371","2016-03-19 00:00:00"
"4866","4483","383","2016-03-20 00:00:00"
"9022","8402","620","2016-03-21 00:00:00"
"9391","8785","606","2016-03-22 00:00:00"
"9439","8851","588","2016-03-23 00:00:00"
"8542","7938","604","2016-03-24 00:00:00"
"7549","6660","889","2016-03-25 00:00:00"
"5191","4536","655","2016-03-26 00:00:00"
"5062","4394","668","2016-03-27 00:00:00"
"8174","7340","834","2016-03-28 00:00:00"
"10144","9082","1062","2016-03-29 00:00:00"
"10304","9356","948","2016-03-30 00:00:00"
"10238","9322","916","2016-03-31 00:00:00"
"9345","8349","996","2016-04-01 00:00:00"
"5527","5056","471","2016-04-02 00:00:00"
"615","597","18","2016-04-03 00:00:00"